1.000,418.649,1007.854,13.280,1.226,981.198,40.011,454359.842,0.000,0.000,0.000,0.000,12.001,0.000,109.322,0.000,0.036,8.688,22.851,0.000,48.453,109.351,82.999,0.051,5.743,23.874,0.416,48.841,0.000,0.000,0.000,0.000,0.000,0.000,0.000,29.000,2.000,2024.000,9.000,16.000,3.000
1.000,418.649,1007.854,13.280,1.226,981.198,40.011,454359.842,0.000,0.000,0.000,0.000,12.001,0.000,109.352,0.000,0.085,7.662,22.851,0.000,48.530,109.347,83.736,0.077,9.506,23.886,0.571,48.964,0.000,0.000,0.000,0.000,0.000,0.000,0.000,29.000,2.000,2024.000,9.000,16.000,3.000
1.000,418.637,1007.852,13.280,1.226,981.169,40.011,454352.829,0.000,0.000,0.000,0.000,12.001,0.000,109.309,0.000,0.112,7.526,22.851,0.000,48.453,109.388,84.299,0.122,8.938,23.887,1.296,48.960,0.000,0.000,0.000,0.000,0.000,0.000,0.000,29.000,2.000,2024.000,9.000,16.000,3.000
1.000,418.637,1007.852,13.280,1.226,981.169,40.011,454352.829,0.000,0.000,0.000,0.000,12.001,0.000,109.409,0.000,0.067,5.934,22.848,0.000,48.418,109.344,85.421,0.037,8.115,23.876,0.770,48.943,0.000,0.000,0.000,0.000,0.000,0.000,0.000,29.000,2.000,2024.000,9.000,16.000,4.000
1.000,418.621,1007.856,13.280,1.226,981.132,40.010,454344.981,0.000,0.000,0.000,0.000,12.001,0.000,109.456,0.000,0.078,10.836,22.847,0.000,48.334,109.373,82.384,0.073,5.950,23.873,0.787,48.936,0.000,0.000,0.000,0.000,0.000,0.000,0.000,29.000,2.000,2024.000,9.000,16.000,4.000
1.000,418.621,1007.856,13.280,1.226,981.132,40.010,454344.981,0.000,0.000,0.000,0.000,12.001,0.000,109.376,0.000,0.069,7.777,22.850,0.000,48.421,109.403,80.836,0.053,6.915,23.873,0.392,48.866,0.000,0.000,0.000,0.000,0.000,0.000,0.000,29.000,2.000,2024.000,9.000,16.000,4.000
1.000,418.620,1007.854,13.280,1.226,981.129,40.010,454343.983,0.000,0.000,0.000,0.000,12.001,0.000,109.363,0.000,0.087,6.163,22.852,0.000,48.554,109.446,83.710,0.079,6.255,23.874,0.783,48.838,0.000,0.000,0.000,0.000,0.000,0.000,0.000,29.000,2.000,2024.000,9.000,16.000,4.000
1.000,418.620,1007.854,13.280,1.226,981.129,40.010,454343.983,0.000,0.000,0.000,0.000,12.001,0.000,109.238,0.000,0.072,6.403,22.847,0.000,48.456,109.284,85.723,0.053,6.452,23.881,0.808,48.943,0.000,0.000,0.000,0.000,0.000,0.000,0.000,29.000,2.000,2024.000,9.000,16.000,4.000
1.000,418.624,1007.855,13.280,1.226,981.139,40.010,454346.396,0.000,0.000,0.000,0.000,12.001,0.000,109.344,0.000,0.057,6.119,22.843,0.000,48.533,109.326,85.990,0.055,6.223,23.885,0.542,48.841,0.000,0.000,0.000,0.000,0.000,0.000,0.000,29.000,2.000,2024.000,9.000,16.000,4.000
1.000,418.624,1007.855,13.280,1.226,981.139,40.010,454346.396,0.000,0.000,0.000,0.000,12.001,0.000,109.395,0.000,0.074,7.499,22.847,0.000,48.491,109.356,84.631,0.032,10.575,23.886,0.833,48.922,0.000,0.000,0.000,0.000,0.000,0.000,0.000,29.000,2.000,2024.000,9.000,16.000,4.000
1.000,418.611,1007.851,13.280,1.226,981.108,40.010,454338.385,0.000,0.000,0.000,0.000,12.001,0.000,109.299,0.000,0.039,5.366,22.850,0.000,48.449,109.381,85.418,0.051,8.104,23.887,0.736,48.862,0.000,0.000,0.000,0.000,0.000,0.000,0.000,29.000,2.000,2024.000,9.000,16.000,4.000
1.000,418.611,1007.851,13.280,1.226,981.108,40.010,454338.385,0.000,0.000,0.000,0.000,12.001,0.000,109.349,0.000,0.020,8.671,22.854,0.000,48.509,109.340,86.194,0.099,6.354,23.878,0.537,48.901,0.000,0.000,0.000,0.000,0.000,0.000,0.000,29.000,2.000,2024.000,9.000,16.000,4.000
1.000,418.611,1007.851,13.280,1.226,981.108,40.010,454338.385,0.000,0.000,0.000,0.000,12.001,0.000,109.393,0.000,0.067,6.790,22.861,0.000,48.453,109.413,86.368,0.045,6.141,23.864,0.424,48.834,0.000,0.000,0.000,0.000,0.000,0.000,0.000,29.000,2.000,2024.000,9.000,16.000,4.000
1.000,418.608,1007.851,13.280,1.226,981.101,40.010,454336.745,0.000,0.000,0.000,0.000,12.001,0.000,109.328,0.000,0.062,6.866,22.856,0.000,48.575,109.436,88.975,0.082,8.944,23.866,1.197,48.778,0.000,0.000,0.000,0.000,0.000,0.000,0.000,29.000,2.000,2024.000,9.000,16.000,5.000
1.000,418.608,1007.851,13.280,1.226,981.101,40.010,454336.745,0.000,0.000,0.000,0.000,12.001,0.000,109.271,0.000,0.082,6.697,22.842,0.000,48.593,109.308,92.467,0.126,9.369,23.871,0.599,48.992,0.000,0.000,0.000,0.000,0.000,0.000,0.000,29.000,2.000,2024.000,9.000,16.000,5.000
1.000,418.625,1007.848,13.280,1.226,981.141,40.010,454345.365,0.000,0.000,0.000,0.000,12.001,0.000,109.330,0.000,0.049,6.386,22.843,0.000,48.547,109.263,91.964,0.060,7.542,23.873,0.620,48.971,0.000,0.000,0.000,0.000,0.000,0.000,0.000,29.000,2.000,2024.000,9.000,16.000,5.000
1.000,418.625,1007.848,13.280,1.226,981.141,40.010,454345.365,0.000,0.000,0.000,0.000,12.001,0.000,109.379,0.000,0.032,9.571,22.845,0.000,48.453,109.325,89.401,0.056,5.999,23.880,0.512,48.929,0.000,0.000,0.000,0.000,0.000,0.000,0.000,29.000,2.000,2024.000,9.000,16.000,5.000
1.000,418.668,1007.844,13.280,1.226,981.243,40.013,454367.978,0.000,0.000,0.000,0.000,12.001,0.000,109.327,0.000,0.046,8.366,22.845,0.000,48.533,109.321,88.388,0.017,6.904,23.882,0.278,48.915,0.000,0.000,0.000,0.000,0.000,0.000,0.000,29.000,2.000,2024.000,9.000,16.000,5.000
1.000,418.668,1007.844,13.280,1.226,981.243,40.013,454367.978,0.000,0.000,0.000,0.000,12.001,0.000,109.413,0.000,0.080,5.486,22.851,0.000,48.502,109.350,86.559,0.060,6.397,23.893,1.184,48.978,0.000,0.000,0.000,0.000,0.000,0.000,0.000,29.000,2.000,2024.000,9.000,16.000,5.000
1.000,418.691,1007.844,13.280,1.226,981.297,40.014,454380.555,0.000,0.000,0.000,0.000,12.001,0.000,109.354,0.000,0.109,6.702,22.851,0.000,48.456,109.392,87.615,0.026,9.129,23.893,0.592,48.880,0.000,0.000,0.000,0.000,0.000,0.000,0.000,29.000,2.000,2024.000,9.000,16.000,5.000
1.000,418.691,1007.844,13.280,1.226,981.297,40.014,454380.555,0.000,0.000,0.000,0.000,12.001,0.000,109.356,0.000,0.052,8.409,22.847,0.000,48.477,109.412,88.388,0.068,7.870,23.878,0.769,48.901,0.000,0.000,0.000,0.000,0.000,0.000,0.000,29.000,2.000,2024.000,9.000,16.000,5.000
1.000,418.698,1007.840,13.280,1.226,981.313,40.014,454383.481,0.000,0.000,0.000,0.000,12.001,0.000,109.380,0.000,0.052,9.991,22.847,0.000,48.502,109.403,88.822,0.055,5.372,23.878,0.401,48.911,0.000,0.000,0.000,0.000,0.000,0.000,0.000,29.000,2.000,2024.000,9.000,16.000,5.000
1.000,418.698,1007.840,13.280,1.226,981.313,40.014,454383.481,0.000,0.000,0.000,0.000,12.001,0.000,109.404,0.000,0.040,9.146,22.850,0.000,48.537,109.441,90.380,0.066,6.637,23.901,0.444,48.848,0.000,0.000,0.000,0.000,0.000,0.000,0.000,29.000,2.000,2024.000,9.000,16.000,5.000
1.000,418.716,1007.840,13.280,1.226,981.356,40.015,454393.324,0.000,0.000,0.000,0.000,12.001,0.000,109.289,0.000,0.053,7.308,22.851,0.000,48.547,109.395,92.860,0.030,9.582,23.903,1.110,48.852,0.000,0.000,0.000,0.000,0.000,0.000,0.000,29.000,2.000,2024.000,9.000,16.000,6.000
1.000,418.716,1007.840,13.280,1.226,981.356,40.015,454393.324,0.000,0.000,0.000,0.000,12.001,0.000,109.355,0.000,0.058,5.923,22.855,0.000,48.477,109.364,94.930,0.052,8.535,23.872,0.204,48.897,0.000,0.000,0.000,0.000,0.000,0.000,0.000,29.000,2.000,2024.000,9.000,16.000,6.000
1.000,418.716,1007.840,13.280,1.226,981.356,40.015,454393.324,0.000,0.000,0.000,0.000,12.001,0.000,109.316,0.000,0.066,5.901,22.856,0.000,48.582,109.356,95.278,0.073,5.824,23.864,0.798,48.834,0.000,0.000,0.000,0.000,0.000,0.000,0.000,29.000,2.000,2024.000,9.000,16.000,6.000
1.000,418.739,1007.836,13.280,1.226,981.410,40.016,454404.998,0.000,0.000,0.000,0.000,12.001,0.000,109.416,0.000,0.037,11.785,22.848,0.000,48.425,109.350,94.648,0.038,6.457,23.884,0.835,48.901,0.000,0.000,0.000,0.000,0.000,0.000,0.000,29.000,2.000,2024.000,9.000,16.000,6.000
1.000,418.739,1007.836,13.280,1.226,981.410,40.016,454404.998,0.000,0.000,0.000,0.000,12.001,0.000,109.418,0.000,0.020,7.057,22.844,0.000,48.467,109.373,93.741,0.051,6.283,23.892,0.559,48.911,0.000,0.000,0.000,0.000,0.000,0.000,0.000,29.000,2.000,2024.000,9.000,16.000,6.000
1.000,418.759,1007.834,13.280,1.226,981.458,40.017,454415.483,0.000,0.000,0.000,0.000,12.001,0.000,109.408,0.000,0.050,6.632,22.856,0.000,48.414,109.353,91.208,0.069,7.799,23.877,0.699,48.957,0.000,0.000,0.000,0.000,0.000,0.000,0.000,29.000,2.000,2024.000,9.000,16.000,6.000
1.000,418.759,1007.834,13.280,1.226,981.458,40.017,454415.483,0.000,0.000,0.000,0.000,12.001,0.000,109.334,0.000,0.057,6.435,22.864,0.000,48.474,109.425,92.992,0.044,9.168,23.866,1.047,48.890,0.000,0.000,0.000,0.000,0.000,0.000,0.000,29.000,2.000,2024.000,9.000,16.000,6.000
1.000,418.723,1007.836,13.280,1.226,981.372,40.015,454396.250,0.000,0.000,0.000,0.000,12.001,0.000,109.364,0.000,0.076,5.126,22.857,0.000,48.449,109.331,93.186,0.043,7.003,23.871,0.459,48.897,0.000,0.000,0.000,0.000,0.000,0.000,0.000,29.000,2.000,2024.000,9.000,16.000,6.000
1.000,418.723,1007.836,13.280,1.226,981.372,40.015,454396.250,0.000,0.000,0.000,0.000,12.001,0.000,109.292,0.000,0.060,8.573,22.850,0.000,48.533,109.329,93.411,0.050,6.354,23.875,0.586,48.929,0.000,0.000,0.000,0.000,0.000,0.000,0.000,29.000,2.000,2024.000,9.000,16.000,6.000
1.000,418.708,1007.836,13.280,1.226,981.337,40.015,454388.048,0.000,0.000,0.000,0.000,12.001,0.000,109.306,0.000,0.075,7.919,22.852,0.000,48.519,109.367,95.084,0.041,7.062,23.872,0.702,48.929,0.000,0.000,0.000,0.000,0.000,0.000,0.000,29.000,2.000,2024.000,9.000,16.000,6.000
1.000,418.708,1007.836,13.280,1.226,981.337,40.015,454388.048,0.000,0.000,0.000,0.000,12.001,0.000,109.282,0.000,0.076,5.541,22.854,0.000,48.467,109.388,98.408,0.033,5.688,23.867,0.949,48.827,0.000,0.000,0.000,0.000,0.000,0.000,0.000,29.000,2.000,2024.000,9.000,16.000,7.000
1.000,418.743,1007.836,13.280,1.226,981.420,40.016,454407.186,0.000,0.000,0.000,0.000,12.001,0.000,109.349,0.000,0.037,6.981,22.847,0.000,48.491,109.386,101.933,0.058,6.866,23.866,0.426,48.845,0.000,0.000,0.000,0.000,0.000,0.000,0.000,29.000,2.000,2024.000,9.000,16.000,7.000
1.000,418.743,1007.836,13.280,1.226,981.420,40.016,454407.186,0.000,0.000,0.000,0.000,12.001,0.000,109.331,0.000,0.080,6.713,22.830,0.000,48.565,109.360,103.506,0.064,5.345,23.864,0.847,48.971,0.000,0.000,0.000,0.000,0.000,0.000,0.000,29.000,2.000,2024.000,9.000,16.000,7.000
1.000,418.741,1007.834,13.280,1.226,981.415,40.016,454405.641,0.000,0.000,0.000,0.000,12.001,0.000,109.388,0.000,0.018,11.927,22.840,0.000,48.495,109.373,103.196,0.125,7.226,23.865,0.457,48.981,0.000,0.000,0.000,0.000,0.000,0.000,0.000,29.000,2.000,2024.000,9.000,16.000,7.000
1.000,418.741,1007.834,13.280,1.226,981.415,40.016,454405.641,0.000,0.000,0.000,0.000,12.001,0.000,109.372,0.000,0.062,6.626,22.879,0.000,48.519,109.308,101.032,0.076,6.086,23.870,0.622,48.862,0.000,0.000,0.000,0.000,0.000,0.000,0.000,29.000,2.000,2024.000,9.000,16.000,7.000
1.000,418.741,1007.834,13.280,1.226,981.415,40.016,454405.641,0.000,0.000,0.000,0.000,12.001,0.000,109.356,0.000,0.075,7.221,22.877,0.000,48.551,109.289,99.522,0.045,8.573,23.870,0.877,48.911,0.000,0.000,0.000,0.000,0.000,0.000,0.000,29.000,2.000,2024.000,9.000,16.000,7.000
1.000,418.748,1007.832,13.280,1.226,981.432,40.017,454409.018,0.000,0.000,0.000,0.000,12.001,0.000,109.419,0.000,0.055,7.652,22.860,0.000,48.505,109.362,97.276,0.040,10.875,23.868,0.779,48.873,0.000,0.000,0.000,0.000,0.000,0.000,0.000,29.000,2.000,2024.000,9.000,16.000,7.000
1.000,418.748,1007.832,13.280,1.226,981.432,40.017,454409.018,0.000,0.000,0.000,0.000,12.001,0.000,109.374,0.000,0.049,5.530,22.860,0.000,48.474,109.404,96.342,0.086,6.293,23.868,0.774,48.841,0.000,0.000,0.000,0.000,0.000,0.000,0.000,29.000,2.000,2024.000,9.000,16.000,7.000
1.000,418.772,1007.833,13.280,1.226,981.488,40.018,454422.366,0.000,0.000,0.000,0.000,12.001,0.000,109.363,0.000,0.091,11.016,22.849,0.000,48.463,109.380,95.929,0.059,5.814,23.894,0.729,48.869,0.000,0.000,0.000,0.000,0.000,0.000,0.000,29.000,2.000,2024.000,9.000,16.000,7.000
1.000,418.772,1007.833,13.280,1.226,981.488,40.018,454422.366,0.000,0.000,0.000,0.000,12.001,0.000,109.392,0.000,0.152,8.813,22.849,0.000,48.544,109.410,96.292,0.035,5.961,23.894,0.875,48.894,0.000,0.000,0.000,0.000,0.000,0.000,0.000,29.000,2.000,2024.000,9.000,16.000,7.000
1.000,418.782,1007.833,13.280,1.226,981.512,40.018,454427.833,0.000,0.000,0.000,0.000,12.001,0.000,109.354,0.000,0.114,7.941,22.841,0.000,48.740,109.316,97.977,0.101,7.897,23.889,1.027,48.971,0.000,0.000,0.000,0.000,0.000,0.000,0.000,29.000,2.000,2024.000,9.000,16.000,8.000
1.000,418.782,1007.833,13.280,1.226,981.512,40.018,454427.833,0.000,0.000,0.000,0.000,12.001,0.000,109.344,0.000,0.073,6.986,22.840,0.000,48.442,109.363,96.758,0.034,9.479,23.888,0.747,48.887,0.000,0.000,0.000,0.000,0.000,0.000,0.000,29.000,2.000,2024.000,9.000,16.000,8.000
1.000,418.800,1007.833,13.280,1.226,981.554,40.019,454437.675,0.000,0.000,0.000,0.000,12.001,0.000,109.355,0.000,0.041,5.901,22.847,0.000,48.603,109.314,96.431,0.040,8.197,23.886,0.318,48.943,0.000,0.000,0.000,0.000,0.000,0.000,0.000,29.000,2.000,2024.000,9.000,16.000,8.000
1.000,418.800,1007.833,13.280,1.226,981.554,40.019,454437.675,0.000,0.000,0.000,0.000,12.001,0.000,109.358,0.000,0.116,8.748,22.848,0.000,48.446,109.347,94.305,0.062,7.084,23.885,0.948,48.883,0.000,0.000,0.000,0.000,0.000,0.000,0.000,29.000,2.000,2024.000,9.000,16.000,8.000
1.000,418.836,1007.837,13.280,1.226,981.639,40.021,454458.259,0.000,0.000,0.000,0.000,12.001,0.000,109.348,0.000,0.049,6.168,22.844,0.000,48.467,109.374,95.968,0.063,5.759,23.881,0.348,48.859,0.000,0.000,0.000,0.000,0.000,0.000,0.000,29.000,2.000,2024.000,9.000,16.000,8.000
1.000,418.836,1007.837,13.280,1.226,981.639,40.021,454458.259,0.000,0.000,0.000,0.000,12.001,0.000,109.347,0.000,0.032,5.944,22.843,0.000,48.463,109.376,97.007,0.043,8.159,23.879,0.543,48.918,0.000,0.000,0.000,0.000,0.000,0.000,0.000,29.000,2.000,2024.000,9.000,16.000,8.000
1.000,418.877,1007.834,13.280,1.226,981.736,40.023,454479.998,0.000,0.000,0.000,0.000,12.001,0.000,109.430,0.000,0.039,6.479,22.850,0.000,48.442,109.414,97.467,0.047,7.602,23.878,0.293,48.887,0.000,0.000,0.000,0.000,0.000,0.000,0.000,29.000,2.000,2024.000,9.000,16.000,8.000
1.000,418.877,1007.834,13.280,1.226,981.736,40.023,454479.998,0.000,0.000,0.000,0.000,12.001,0.000,109.403,0.000,0.032,6.452,22.855,0.000,48.439,109.333,96.123,0.039,5.715,23.877,0.671,48.911,0.000,0.000,0.000,0.000,0.000,0.000,0.000,29.000,2.000,2024.000,9.000,16.000,8.000
1.000,418.875,1007.833,13.280,1.226,981.731,40.023,454478.679,0.000,0.000,0.000,0.000,12.001,0.000,109.363,0.000,0.040,10.155,22.854,0.000,48.523,109.311,94.138,0.054,6.103,23.881,0.935,48.887,0.000,0.000,0.000,0.000,0.000,0.000,0.000,29.000,2.000,2024.000,9.000,16.000,8.000
1.000,418.875,1007.833,13.280,1.226,981.731,40.023,454478.679,0.000,0.000,0.000,0.000,12.001,0.000,109.357,0.000,0.076,8.726,22.853,0.000,48.565,109.281,92.418,0.086,5.950,23.886,0.890,48.883,0.000,0.000,0.000,0.000,0.000,0.000,0.000,29.000,2.000,2024.000,9.000,16.000,8.000
1.000,418.875,1007.833,13.280,1.226,981.731,40.023,454478.679,0.000,0.000,0.000,0.000,12.001,0.000,109.427,0.000,0.056,6.184,22.860,0.000,48.411,109.334,87.930,0.092,6.255,23.885,0.693,48.901,0.000,0.000,0.000,0.000,0.000,0.000,0.000,29.000,2.000,2024.000,9.000,16.000,9.000
1.000,418.895,1007.835,13.280,1.226,981.779,40.024,454490.064,0.000,0.000,0.000,0.000,12.001,0.000,109.423,0.000,0.078,6.921,22.872,0.000,48.425,109.368,85.577,0.072,9.718,23.883,0.481,48.848,0.000,0.000,0.000,0.000,0.000,0.000,0.000,29.000,2.000,2024.000,9.000,16.000,9.000
1.000,418.895,1007.835,13.280,1.226,981.779,40.024,454490.064,0.000,0.000,0.000,0.000,12.001,0.000,109.296,0.000,0.048,7.341,22.867,0.000,48.474,109.302,85.246,0.034,9.511,23.877,0.307,48.939,0.000,0.000,0.000,0.000,0.000,0.000,0.000,29.000,2.000,2024.000,9.000,16.000,9.000
1.000,418.929,1007.835,13.280,1.226,981.859,40.025,454508.651,0.000,0.000,0.000,0.000,12.001,0.000,109.295,0.000,0.113,9.408,22.856,0.000,48.530,109.356,86.917,0.058,6.855,23.863,0.850,48.967,0.000,0.000,0.000,0.000,0.000,0.000,0.000,29.000,2.000,2024.000,9.000,16.000,9.000
1.000,418.929,1007.835,13.280,1.226,981.859,40.025,454508.651,0.000,0.000,0.000,0.000,12.001,0.000,109.364,0.000,0.035,8.715,22.858,0.000,48.477,109.405,88.344,0.038,6.015,23.863,0.442,48.824,0.000,0.000,0.000,0.000,0.000,0.000,0.000,29.000,2.000,2024.000,9.000,16.000,9.000
1.000,418.916,1007.835,13.280,1.226,981.828,40.025,454501.545,0.000,0.000,0.000,0.000,12.001,0.000,109.281,0.000,0.068,6.577,22.866,0.000,48.547,109.378,89.842,0.061,7.101,23.864,1.315,48.841,0.000,0.000,0.000,0.000,0.000,0.000,0.000,29.000,2.000,2024.000,9.000,16.000,9.000
1.000,418.916,1007.835,13.280,1.226,981.828,40.025,454501.545,0.000,0.000,0.000,0.000,12.001,0.000,109.410,0.000,0.150,5.857,22.865,0.000,48.309,109.363,90.067,0.033,9.964,23.865,1.281,48.880,0.000,0.000,0.000,0.000,0.000,0.000,0.000,29.000,2.000,2024.000,9.000,16.000,9.000
1.000,418.902,1007.833,13.280,1.226,981.795,40.024,454493.440,0.000,0.000,0.000,0.000,12.001,0.000,109.253,0.000,0.053,5.737,22.852,0.000,48.547,109.290,90.371,0.065,7.193,23.869,0.533,48.911,0.000,0.000,0.000,0.000,0.000,0.000,0.000,29.000,2.000,2024.000,9.000,16.000,9.000
1.000,418.902,1007.833,13.280,1.226,981.795,40.024,454493.440,0.000,0.000,0.000,0.000,12.001,0.000,109.375,0.000,0.028,7.570,22.852,0.000,48.505,109.362,91.460,0.060,6.223,23.869,0.296,48.978,0.000,0.000,0.000,0.000,0.000,0.000,0.000,29.000,2.000,2024.000,9.000,16.000,9.000
1.000,418.881,1007.830,13.280,1.226,981.746,40.023,454481.283,0.000,0.000,0.000,0.000,12.001,0.000,109.394,0.000,0.047,7.013,22.831,0.000,48.460,109.432,91.269,0.019,6.108,23.886,0.494,48.880,0.000,0.000,0.000,0.000,0.000,0.000,0.000,29.000,2.000,2024.000,9.000,16.000,9.000
1.000,418.881,1007.830,13.280,1.226,981.746,40.023,454481.283,0.000,0.000,0.000,0.000,12.001,0.000,109.443,0.000,0.080,6.064,22.831,0.000,48.561,109.331,90.572,0.067,6.010,23.886,1.577,48.925,0.000,0.000,0.000,0.000,0.000,0.000,0.000,29.000,2.000,2024.000,9.000,16.000,10.000
1.000,418.881,1007.830,13.280,1.226,981.746,40.023,454481.283,0.000,0.000,0.000,0.000,12.001,0.000,109.342,0.000,0.083,7.553,22.846,0.000,48.481,109.377,88.329,0.051,8.759,23.895,0.567,48.827,0.000,0.000,0.000,0.000,0.000,0.000,0.000,29.000,2.000,2024.000,9.000,16.000,10.000
1.000,418.902,1007.829,13.280,1.226,981.795,40.024,454492.538,0.000,0.000,0.000,0.000,12.001,0.000,109.321,0.000,0.038,6.283,22.847,0.000,48.558,109.337,89.750,0.029,7.057,23.896,0.212,48.880,0.000,0.000,0.000,0.000,0.000,0.000,0.000,29.000,2.000,2024.000,9.000,16.000,10.000
1.000,418.902,1007.829,13.280,1.226,981.795,40.024,454492.538,0.000,0.000,0.000,0.000,12.001,0.000,109.343,0.000,0.068,14.272,22.850,0.000,48.477,109.319,90.377,0.022,5.094,23.878,0.359,48.887,0.000,0.000,0.000,0.000,0.000,0.000,0.000,29.000,2.000,2024.000,9.000,16.000,10.000
1.000,418.891,1007.831,13.280,1.226,981.769,40.024,454486.976,0.000,0.000,0.000,0.000,12.001,0.000,109.365,0.000,0.088,9.751,22.851,0.000,48.512,109.387,91.056,0.125,7.384,23.874,1.048,48.848,0.000,0.000,0.000,0.000,0.000,0.000,0.000,29.000,2.000,2024.000,9.000,16.000,10.000
1.000,418.891,1007.831,13.280,1.226,981.769,40.024,454486.976,0.000,0.000,0.000,0.000,12.001,0.000,109.255,0.000,0.090,7.008,22.854,0.000,48.442,109.358,90.895,0.027,5.999,23.875,1.361,48.908,0.000,0.000,0.000,0.000,0.000,0.000,0.000,29.000,2.000,2024.000,9.000,16.000,10.000
1.000,418.879,1007.830,13.280,1.226,981.741,40.023,454480.190,0.000,0.000,0.000,0.000,12.001,0.000,109.425,0.000,0.057,6.572,22.856,0.000,48.467,109.408,94.308,0.055,9.544,23.875,0.636,48.894,0.000,0.000,0.000,0.000,0.000,0.000,0.000,29.000,2.000,2024.000,9.000,16.000,10.000
1.000,418.879,1007.830,13.280,1.226,981.741,40.023,454480.190,0.000,0.000,0.000,0.000,12.001,0.000,109.441,0.000,0.066,8.982,22.853,0.000,48.498,109.436,92.789,0.043,6.604,23.885,0.212,48.820,0.000,0.000,0.000,0.000,0.000,0.000,0.000,29.000,2.000,2024.000,9.000,16.000,10.000
1.000,418.877,1007.829,13.280,1.226,981.736,40.023,454478.871,0.000,0.000,0.000,0.000,12.001,0.000,109.327,0.000,0.090,10.847,22.850,0.000,48.495,109.347,93.905,0.056,6.523,23.891,0.804,48.883,0.000,0.000,0.000,0.000,0.000,0.000,0.000,29.000,2.000,2024.000,9.000,16.000,10.000
1.000,418.877,1007.829,13.280,1.226,981.736,40.023,454478.871,0.000,0.000,0.000,0.000,12.001,0.000,109.447,0.000,0.077,6.763,22.854,0.000,48.404,109.369,91.894,0.038,5.754,23.882,0.999,48.866,0.000,0.000,0.000,0.000,0.000,0.000,0.000,29.000,2.000,2024.000,9.000,16.000,10.000
1.000,418.885,1007.829,13.280,1.226,981.755,40.023,454483.244,0.000,0.000,0.000,0.000,12.001,0.000,109.255,0.000,0.072,6.806,22.858,0.000,48.523,109.323,91.945,0.063,7.335,23.874,0.782,48.820,0.000,0.000,0.000,0.000,0.000,0.000,0.000,29.000,2.000,2024.000,9.000,16.000,11.000
1.000,418.885,1007.829,13.280,1.226,981.755,40.023,454483.244,0.000,0.000,0.000,0.000,12.001,0.000,109.516,0.000,0.126,5.655,22.864,0.000,48.155,109.404,90.044,0.037,9.424,23.875,1.506,48.862,0.000,0.000,0.000,0.000,0.000,0.000,0.000,29.000,2.000,2024.000,9.000,16.000,11.000
1.000,418.866,1007.828,13.280,1.226,981.710,40.022,454472.632,0.000,0.000,0.000,0.000,12.001,0.000,109.470,0.000,0.038,4.707,22.873,0.000,48.379,109.418,87.798,0.049,7.292,23.876,0.629,48.852,0.000,0.000,0.000,0.000,0.000,0.000,0.000,29.000,2.000,2024.000,9.000,16.000,11.000
1.000,418.866,1007.828,13.280,1.226,981.710,40.022,454472.632,0.000,0.000,0.000,0.000,12.001,0.000,109.519,0.000,0.109,9.560,22.867,0.000,48.456,109.324,84.570,0.054,5.797,23.878,1.974,48.950,0.000,0.000,0.000,0.000,0.000,0.000,0.000,29.000,2.000,2024.000,9.000,16.000,11.000
1.000,418.866,1007.828,13.280,1.226,981.710,40.022,454472.632,0.000,0.000,0.000,0.000,12.001,0.000,109.448,0.000,0.135,5.170,22.851,0.000,48.250,109.397,79.016,0.027,6.741,23.883,0.654,48.845,0.000,0.000,0.000,0.000,0.000,0.000,0.000,29.000,2.000,2024.000,9.000,16.000,11.000
1.000,418.815,1007.826,13.280,1.226,981.590,40.020,454444.298,0.000,0.000,0.000,0.000,12.001,0.000,109.282,0.000,0.064,6.195,22.850,0.000,48.414,109.312,79.411,0.028,5.792,23.885,0.477,48.908,0.000,0.000,0.000,0.000,0.000,0.000,0.000,29.000,2.000,2024.000,9.000,16.000,11.000
1.000,418.815,1007.826,13.280,1.226,981.590,40.020,454444.298,0.000,0.000,0.000,0.000,12.001,0.000,109.323,0.000,0.058,7.199,22.848,0.000,48.421,109.394,80.555,0.048,9.898,23.892,0.914,48.911,0.000,0.000,0.000,0.000,0.000,0.000,0.000,29.000,2.000,2024.000,9.000,16.000,11.000
1.000,418.769,1007.822,13.280,1.226,981.481,40.018,454418.246,0.000,0.000,0.000,0.000,12.001,0.000,109.400,0.000,0.098,6.583,22.848,0.000,48.470,109.379,82.030,0.059,7.248,23.892,0.858,48.925,0.000,0.000,0.000,0.000,0.000,0.000,0.000,29.000,2.000,2024.000,9.000,16.000,11.000
1.000,418.769,1007.822,13.280,1.226,981.481,40.018,454418.246,0.000,0.000,0.000,0.000,12.001,0.000,109.365,0.000,0.076,7.521,22.848,0.000,48.442,109.403,83.005,0.044,6.654,23.890,0.314,48.834,0.000,0.000,0.000,0.000,0.000,0.000,0.000,29.000,2.000,2024.000,9.000,16.000,11.000
1.000,418.781,1007.822,13.280,1.226,981.509,40.018,454424.807,0.000,0.000,0.000,0.000,12.001,0.000,109.350,0.000,0.145,6.086,22.848,0.000,48.596,109.299,83.913,0.047,7.613,23.890,1.113,48.936,0.000,0.000,0.000,0.000,0.000,0.000,0.000,29.000,2.000,2024.000,9.000,16.000,11.000
1.000,418.781,1007.822,13.280,1.226,981.509,40.018,454424.807,0.000,0.000,0.000,0.000,12.001,0.000,109.281,0.000,0.085,7.259,22.854,0.000,48.547,109.311,82.229,0.085,8.535,23.866,0.385,48.957,0.000,0.000,0.000,0.000,0.000,0.000,0.000,29.000,2.000,2024.000,9.000,16.000,12.000
1.000,418.784,1007.821,13.280,1.226,981.517,40.019,454426.222,0.000,0.000,0.000,0.000,12.001,0.000,109.387,0.000,0.069,7.335,22.854,0.000,48.418,109.319,81.588,0.048,9.582,23.866,0.904,48.915,0.000,0.000,0.000,0.000,0.000,0.000,0.000,29.000,2.000,2024.000,9.000,16.000,12.000
1.000,418.784,1007.821,13.280,1.226,981.517,40.019,454426.222,0.000,0.000,0.000,0.000,12.001,0.000,109.376,0.000,0.061,8.819,22.850,0.000,48.516,109.351,80.058,0.079,7.782,23.860,0.289,48.838,0.000,0.000,0.000,0.000,0.000,0.000,0.000,29.000,2.000,2024.000,9.000,16.000,12.000
1.000,418.770,1007.820,13.280,1.226,981.483,40.018,454418.341,0.000,0.000,0.000,0.000,12.001,0.000,109.338,0.000,0.088,10.847,22.850,0.000,48.428,109.388,80.187,0.057,6.304,23.859,0.847,48.890,0.000,0.000,0.000,0.000,0.000,0.000,0.000,29.000,2.000,2024.000,9.000,16.000,12.000
1.000,418.770,1007.820,13.280,1.226,981.483,40.018,454418.341,0.000,0.000,0.000,0.000,12.001,0.000,109.437,0.000,0.073,7.641,22.844,0.000,48.421,109.431,81.290,0.048,6.795,23.905,0.197,48.866,0.000,0.000,0.000,0.000,0.000,0.000,0.000,29.000,2.000,2024.000,9.000,16.000,12.000
1.000,418.771,1007.820,13.280,1.226,981.486,40.018,454418.888,0.000,0.000,0.000,0.000,12.001,0.000,109.323,0.000,0.061,6.512,22.842,0.000,48.432,109.408,82.333,0.026,5.917,23.917,1.044,48.845,0.000,0.000,0.000,0.000,0.000,0.000,0.000,29.000,2.000,2024.000,9.000,16.000,12.000
1.000,418.771,1007.820,13.280,1.226,981.486,40.018,454418.888,0.000,0.000,0.000,0.000,12.001,0.000,109.291,0.000,0.027,5.830,22.849,0.000,48.526,109.304,84.336,0.061,9.468,23.889,0.349,48.929,0.000,0.000,0.000,0.000,0.000,0.000,0.000,29.000,2.000,2024.000,9.000,16.000,12.000
1.000,418.763,1007.820,13.280,1.226,981.467,40.018,454414.514,0.000,0.000,0.000,0.000,12.001,0.000,109.338,0.000,0.043,5.601,22.852,0.000,48.470,109.286,83.573,0.039,10.357,23.878,0.732,48.890,0.000,0.000,0.000,0.000,0.000,0.000,0.000,29.000,2.000,2024.000,9.000,16.000,12.000
1.000,418.763,1007.820,13.280,1.226,981.467,40.018,454414.514,0.000,0.000,0.000,0.000,12.001,0.000,109.281,0.000,0.053,9.604,22.849,0.000,48.484,109.341,83.504,0.072,6.184,23.885,0.708,48.978,0.000,0.000,0.000,0.000,0.000,0.000,0.000,29.000,2.000,2024.000,9.000,16.000,12.000
1.000,418.763,1007.820,13.280,1.226,981.467,40.018,454414.514,0.000,0.000,0.000,0.000,12.001,0.000,109.305,0.000,0.076,6.075,22.848,0.000,48.400,109.339,85.142,0.091,6.032,23.890,0.641,48.831,0.000,0.000,0.000,0.000,0.000,0.000,0.000,29.000,2.000,2024.000,9.000,16.000,12.000
1.000,418.751,1007.820,13.280,1.226,981.439,40.017,454407.953,0.000,0.000,0.000,0.000,12.001,0.000,109.283,0.000,0.091,6.593,22.845,0.000,48.565,109.323,87.570,0.060,7.488,23.888,0.572,48.883,0.000,0.000,0.000,0.000,0.000,0.000,0.000,29.000,2.000,2024.000,9.000,16.000,13.000
1.000,418.751,1007.820,13.280,1.226,981.439,40.017,454407.953,0.000,0.000,0.000,0.000,12.001,0.000,109.263,0.000,0.047,7.242,22.842,0.000,48.530,109.374,89.672,0.032,9.697,23.887,1.456,48.904,0.000,0.000,0.000,0.000,0.000,0.000,0.000,29.000,2.000,2024.000,9.000,16.000,13.000
1.000,418.743,1007.819,13.280,1.226,981.420,40.017,454403.353,0.000,0.000,0.000,0.000,12.001,0.000,109.363,0.000,0.036,5.928,22.853,0.000,48.498,109.355,92.489,0.061,6.277,23.878,0.255,48.901,0.000,0.000,0.000,0.000,0.000,0.000,0.000,29.000,2.000,2024.000,9.000,16.000,13.000
1.000,418.743,1007.819,13.280,1.226,981.420,40.017,454403.353,0.000,0.000,0.000,0.000,12.001,0.000,109.379,0.000,0.063,9.920,22.871,0.000,48.481,109.369,92.361,0.057,5.650,23.865,0.482,48.904,0.000,0.000,0.000,0.000,0.000,0.000,0.000,29.000,2.000,2024.000,9.000,16.000,13.000
1.000,418.767,1007.821,13.280,1.226,981.476,40.018,454416.927,0.000,0.000,0.000,0.000,12.001,0.000,109.300,0.000,0.073,8.050,22.865,0.000,48.512,109.369,92.347,0.056,6.086,23.871,0.833,48.848,0.000,0.000,0.000,0.000,0.000,0.000,0.000,29.000,2.000,2024.000,9.000,16.000,13.000
1.000,418.767,1007.821,13.280,1.226,981.476,40.018,454416.927,0.000,0.000,0.000,0.000,12.001,0.000,109.260,0.000,0.069,5.628,22.851,0.000,48.593,109.369,96.980,0.013,7.559,23.885,1.250,48.883,0.000,0.000,0.000,0.000,0.000,0.000,0.000,29.000,2.000,2024.000,9.000,16.000,13.000
1.000,418.787,1007.819,13.280,1.226,981.524,40.019,454427.411,0.000,0.000,0.000,0.000,12.001,0.000,109.395,0.000,0.051,6.806,22.850,0.000,48.484,109.380,97.905,0.037,9.473,23.882,0.457,48.869,0.000,0.000,0.000,0.000,0.000,0.000,0.000,29.000,2.000,2024.000,9.000,16.000,13.000
1.000,418.787,1007.819,13.280,1.226,981.524,40.019,454427.411,0.000,0.000,0.000,0.000,12.001,0.000,109.359,0.000,0.074,7.161,22.846,0.000,48.547,109.370,98.104,0.043,8.033,23.870,0.228,48.939,0.000,0.000,0.000,0.000,0.000,0.000,0.000,29.000,2.000,2024.000,9.000,16.000,13.000
1.000,418.765,1007.819,13.280,1.226,981.472,40.018,454415.382,0.000,0.000,0.000,0.000,12.001,0.000,109.351,0.000,0.037,7.864,22.847,0.000,48.435,109.357,98.469,0.056,5.939,23.870,0.222,48.887,0.000,0.000,0.000,0.000,0.000,0.000,0.000,29.000,2.000,2024.000,9.000,16.000,13.000
1.000,418.765,1007.819,13.280,1.226,981.472,40.018,454415.382,0.000,0.000,0.000,0.000,12.001,0.000,109.416,0.000,0.051,10.700,22.860,0.000,48.523,109.375,97.799,0.053,6.490,23.867,0.547,48.852,0.000,0.000,0.000,0.000,0.000,0.000,0.000,29.000,2.000,2024.000,9.000,16.000,13.000
1.000,418.760,1007.818,13.280,1.226,981.460,40.018,454412.423,0.000,0.000,0.000,0.000,12.001,0.000,109.349,0.000,0.075,6.910,22.860,0.000,48.484,109.349,97.185,0.029,5.094,23.867,0.542,48.866,0.000,0.000,0.000,0.000,0.000,0.000,0.000,29.000,2.000,2024.000,9.000,16.000,14.000
1.000,418.760,1007.818,13.280,1.226,981.460,40.018,454412.423,0.000,0.000,0.000,0.000,12.001,0.000,109.414,0.000,0.037,6.866,22.859,0.000,48.453,109.317,94.962,0.020,8.409,23.885,0.992,48.918,0.000,0.000,0.000,0.000,0.000,0.000,0.000,29.000,2.000,2024.000,9.000,16.000,14.000
1.000,418.760,1007.818,13.280,1.226,981.460,40.018,454412.423,0.000,0.000,0.000,0.000,12.001,0.000,109.344,0.000,0.040,5.792,22.859,0.000,48.467,109.348,93.203,0.061,6.354,23.885,0.322,48.778,0.000,0.000,0.000,0.000,0.000,0.000,0.000,29.000,2.000,2024.000,9.000,16.000,14.000
1.000,418.753,1007.818,13.280,1.226,981.443,40.017,454408.595,0.000,0.000,0.000,0.000,12.001,0.000,109.339,0.000,0.080,7.679,22.863,0.000,48.439,109.353,93.298,0.103,6.283,23.888,0.673,48.950,0.000,0.000,0.000,0.000,0.000,0.000,0.000,29.000,2.000,2024.000,9.000,16.000,14.000
1.000,418.753,1007.818,13.280,1.226,981.443,40.017,454408.595,0.000,0.000,0.000,0.000,12.001,0.000,109.273,0.000,0.082,7.657,22.863,0.000,48.526,109.407,96.167,0.087,6.544,23.889,1.773,48.869,0.000,0.000,0.000,0.000,0.000,0.000,0.000,29.000,2.000,2024.000,9.000,16.000,14.000
1.000,418.767,1007.818,13.280,1.226,981.476,40.018,454416.250,0.000,0.000,0.000,0.000,12.001,0.000,109.375,0.000,0.048,6.239,22.855,0.000,48.449,109.361,99.231,0.042,7.188,23.890,0.172,48.894,0.000,0.000,0.000,0.000,0.000,0.000,0.000,29.000,2.000,2024.000,9.000,16.000,14.000
1.000,418.767,1007.818,13.280,1.226,981.476,40.018,454416.250,0.000,0.000,0.000,0.000,12.001,0.000,109.387,0.000,0.069,7.346,22.853,0.000,48.425,109.323,97.440,0.028,8.950,23.890,0.784,48.946,0.000,0.000,0.000,0.000,0.000,0.000,0.000,29.000,2.000,2024.000,9.000,16.000,14.000
1.000,418.771,1007.817,13.300,1.226,981.486,40.019,454377.658,0.000,0.000,0.000,0.000,12.001,0.000,109.218,0.000,0.039,6.201,22.846,0.000,48.554,109.338,99.605,0.100,6.735,23.877,1.373,48.887,0.000,0.000,0.000,0.000,0.000,0.000,0.000,29.000,2.000,2024.000,9.000,16.000,14.000
1.000,418.771,1007.817,13.300,1.226,981.486,40.019,454377.658,0.000,0.000,0.000,0.000,12.001,0.000,109.367,0.000,0.100,7.532,22.843,0.000,48.558,109.404,102.317,0.049,5.612,23.871,0.472,48.862,0.000,0.000,0.000,0.000,0.000,0.000,0.000,29.000,2.000,2024.000,9.000,16.000,14.000
1.000,418.744,1007.817,13.280,1.226,981.422,40.017,454403.449,0.000,0.000,0.000,0.000,12.001,0.000,109.446,0.000,0.051,9.675,22.849,0.000,48.407,109.389,101.487,0.048,6.904,23.874,0.865,48.848,0.000,0.000,0.000,0.000,0.000,0.000,0.000,29.000,2.000,2024.000,9.000,16.000,14.000
1.000,418.744,1007.817,13.280,1.226,981.422,40.017,454403.449,0.000,0.000,0.000,0.000,12.001,0.000,109.400,0.000,0.037,6.392,22.853,0.000,48.463,109.305,98.924,0.063,6.081,23.875,1.256,48.897,0.000,0.000,0.000,0.000,0.000,0.000,0.000,29.000,2.000,2024.000,9.000,16.000,15.000
1.000,418.733,1007.816,13.300,1.226,981.396,40.018,454356.657,0.000,0.000,0.000,0.000,12.001,0.000,109.430,0.000,0.108,7.335,22.851,0.000,48.474,109.351,96.813,0.052,8.584,23.879,1.283,48.876,0.000,0.000,0.000,0.000,0.000,0.000,0.000,29.000,2.000,2024.000,9.000,16.000,15.000
1.000,418.733,1007.816,13.300,1.226,981.396,40.018,454356.657,0.000,0.000,0.000,0.000,12.001,0.000,109.331,0.000,0.057,9.697,22.850,0.000,48.477,109.363,95.685,0.051,6.621,23.882,0.515,48.918,0.000,0.000,0.000,0.000,0.000,0.000,0.000,29.000,2.000,2024.000,9.000,16.000,15.000
1.000,418.733,1007.816,13.300,1.226,981.396,40.018,454356.657,0.000,0.000,0.000,0.000,12.001,0.000,109.396,0.000,0.115,12.118,22.853,0.000,48.649,109.360,95.566,0.064,6.523,23.890,0.645,48.929,0.000,0.000,0.000,0.000,0.000,0.000,0.000,29.000,2.000,2024.000,9.000,16.000,15.000
1.000,418.740,1007.819,13.280,1.226,981.413,40.017,454401.713,0.000,0.000,0.000,0.000,12.001,0.000,109.431,0.000,0.038,7.373,22.858,0.000,48.474,109.428,95.172,0.122,6.234,23.902,0.618,48.859,0.000,0.000,0.000,0.000,0.000,0.000,0.000,29.000,2.000,2024.000,9.000,16.000,15.000
1.000,418.740,1007.819,13.280,1.226,981.413,40.017,454401.713,0.000,0.000,0.000,0.000,12.001,0.000,109.379,0.000,0.062,6.752,22.853,0.000,48.432,109.360,92.958,0.086,8.459,23.893,0.396,48.848,0.000,0.000,0.000,0.000,0.000,0.000,0.000,29.000,2.000,2024.000,9.000,16.000,15.000
1.000,418.735,1007.818,13.280,1.226,981.401,40.016,454398.753,0.000,0.000,0.000,0.000,12.001,0.000,109.337,0.000,0.106,7.199,22.841,0.000,48.505,109.343,92.160,0.058,10.662,23.871,0.700,48.890,0.000,0.000,0.000,0.000,0.000,0.000,0.000,29.000,2.000,2024.000,9.000,16.000,15.000
1.000,418.735,1007.818,13.280,1.226,981.401,40.016,454398.753,0.000,0.000,0.000,0.000,12.001,0.000,109.337,0.000,0.065,5.841,22.842,0.000,48.593,109.314,93.109,0.106,8.137,23.872,0.515,48.981,0.000,0.000,0.000,0.000,0.000,0.000,0.000,29.000,2.000,2024.000,9.000,16.000,15.000
1.000,418.734,1007.818,13.280,1.226,981.398,40.016,454398.207,0.000,0.000,0.000,0.000,12.001,0.000,109.366,0.000,0.078,8.879,22.847,0.000,48.456,109.408,93.115,0.059,5.885,23.876,0.697,48.887,0.000,0.000,0.000,0.000,0.000,0.000,0.000,29.000,2.000,2024.000,9.000,16.000,15.000
1.000,418.734,1007.818,13.280,1.226,981.398,40.016,454398.207,0.000,0.000,0.000,0.000,12.001,0.000,109.407,0.000,0.018,7.575,22.847,0.000,48.463,109.433,95.610,0.074,6.621,23.877,0.546,48.876,0.000,0.000,0.000,0.000,0.000,0.000,0.000,29.000,2.000,2024.000,9.000,16.000,15.000
1.000,418.745,1007.819,13.300,1.226,981.424,40.018,454363.894,0.000,0.000,0.000,0.000,12.001,0.000,109.396,0.000,0.095,6.130,22.841,0.000,48.481,109.374,94.680,0.040,5.557,23.880,0.496,48.897,0.000,0.000,0.000,0.000,0.000,0.000,0.000,29.000,2.000,2024.000,9.000,16.000,16.000
1.000,418.745,1007.819,13.300,1.226,981.424,40.018,454363.894,0.000,0.000,0.000,0.000,12.001,0.000,109.423,0.000,0.064,7.575,22.841,0.000,48.488,109.347,93.398,0.019,8.573,23.880,0.962,48.887,0.000,0.000,0.000,0.000,0.000,0.000,0.000,29.000,2.000,2024.000,9.000,16.000,16.000
1.000,418.764,1007.821,13.280,1.226,981.469,40.018,454415.286,0.000,0.000,0.000,0.000,12.001,0.000,109.436,0.000,0.072,5.448,22.854,0.000,48.393,109.369,90.887,0.018,7.161,23.879,0.831,48.901,0.000,0.000,0.000,0.000,0.000,0.000,0.000,29.000,2.000,2024.000,9.000,16.000,16.000
1.000,418.764,1007.821,13.280,1.226,981.469,40.018,454415.286,0.000,0.000,0.000,0.000,12.001,0.000,109.349,0.000,0.058,8.677,22.854,0.000,48.372,109.378,91.216,0.076,5.715,23.879,0.755,48.859,0.000,0.000,0.000,0.000,0.000,0.000,0.000,29.000,2.000,2024.000,9.000,16.000,16.000
1.000,418.763,1007.818,13.300,1.226,981.467,40.019,454373.510,0.000,0.000,0.000,0.000,12.001,0.000,109.350,0.000,0.048,7.166,22.862,0.000,48.442,109.365,91.545,0.069,5.699,23.863,0.207,48.908,0.000,0.000,0.000,0.000,0.000,0.000,0.000,29.000,2.000,2024.000,9.000,16.000,16.000
1.000,418.763,1007.818,13.300,1.226,981.467,40.019,454373.510,0.000,0.000,0.000,0.000,12.001,0.000,109.326,0.000,0.039,6.948,22.863,0.000,48.481,109.382,93.161,0.044,9.102,23.861,0.562,48.890,0.000,0.000,0.000,0.000,0.000,0.000,0.000,29.000,2.000,2024.000,9.000,16.000,16.000
1.000,418.763,1007.818,13.300,1.226,981.467,40.019,454373.510,0.000,0.000,0.000,0.000,12.001,0.000,109.373,0.000,0.040,6.446,22.851,0.000,48.481,109.397,94.844,0.057,10.204,23.861,0.396,48.880,0.000,0.000,0.000,0.000,0.000,0.000,0.000,29.000,2.000,2024.000,9.000,16.000,16.000
1.000,418.745,1007.821,13.300,1.226,981.424,40.018,454364.345,0.000,0.000,0.000,0.000,12.001,0.000,109.335,0.000,0.115,6.272,22.848,0.000,48.463,109.368,95.860,0.061,6.506,23.861,0.943,48.866,0.000,0.000,0.000,0.000,0.000,0.000,0.000,29.000,2.000,2024.000,9.000,16.000,16.000
1.000,418.745,1007.821,13.300,1.226,981.424,40.018,454364.345,0.000,0.000,0.000,0.000,12.001,0.000,109.310,0.000,0.047,10.422,22.865,0.000,48.512,109.435,97.762,0.073,6.250,23.876,1.435,48.866,0.000,0.000,0.000,0.000,0.000,0.000,0.000,29.000,2.000,2024.000,9.000,16.000,16.000
1.000,418.736,1007.822,13.300,1.226,981.403,40.018,454359.650,0.000,0.000,0.000,0.000,12.001,0.000,109.384,0.000,0.058,6.850,22.872,0.000,48.397,109.320,98.344,0.055,5.617,23.883,0.736,48.873,0.000,0.000,0.000,0.000,0.000,0.000,0.000,29.000,2.000,2024.000,9.000,16.000,16.000
1.000,418.736,1007.822,13.300,1.226,981.403,40.018,454359.650,0.000,0.000,0.000,0.000,12.001,0.000,109.368,0.000,0.051,6.735,22.872,0.000,48.456,109.400,98.121,0.045,8.470,23.885,0.289,48.876,0.000,0.000,0.000,0.000,0.000,0.000,0.000,29.000,2.000,2024.000,9.000,16.000,17.000
1.000,418.716,1007.824,13.300,1.226,981.356,40.017,454349.166,0.000,0.000,0.000,0.000,12.001,0.000,109.236,0.000,0.065,7.101,22.872,0.000,48.519,109.320,98.693,0.073,9.538,23.886,0.952,48.932,0.000,0.000,0.000,0.000,0.000,0.000,0.000,29.000,2.000,2024.000,9.000,16.000,17.000
1.000,418.716,1007.824,13.300,1.226,981.356,40.017,454349.166,0.000,0.000,0.000,0.000,12.001,0.000,109.276,0.000,0.070,5.732,22.866,0.000,48.551,109.363,103.029,0.035,7.264,23.887,0.780,48.866,0.000,0.000,0.000,0.000,0.000,0.000,0.000,29.000,2.000,2024.000,9.000,16.000,17.000
1.000,418.702,1007.827,13.280,1.226,981.323,40.015,454382.738,0.000,0.000,0.000,0.000,12.001,0.000,109.332,0.000,0.074,7.008,22.860,0.000,48.558,109.335,104.279,0.062,6.212,23.887,0.315,48.936,0.000,0.000,0.000,0.000,0.000,0.000,0.000,29.000,2.000,2024.000,9.000,16.000,17.000
1.000,418.702,1007.827,13.280,1.226,981.323,40.015,454382.738,0.000,0.000,0.000,0.000,12.001,0.000,109.352,0.000,0.053,10.040,22.854,0.000,48.488,109.302,103.617,0.034,7.090,23.888,0.571,48.925,0.000,0.000,0.000,0.000,0.000,0.000,0.000,29.000,2.000,2024.000,9.000,16.000,17.000
1.000,418.670,1007.827,13.300,1.226,981.247,40.014,454324.691,0.000,0.000,0.000,0.000,12.001,0.000,109.329,0.000,0.035,6.201,22.844,0.000,48.498,109.313,102.463,0.067,7.330,23.889,0.298,48.848,0.000,0.000,0.000,0.000,0.000,0.000,0.000,29.000,2.000,2024.000,9.000,16.000,17.000
1.000,418.670,1007.827,13.300,1.226,981.247,40.014,454324.691,0.000,0.000,0.000,0.000,12.001,0.000,109.405,0.000,0.034,6.850,22.847,0.000,48.460,109.449,103.020,0.054,8.595,23.887,0.640,48.897,0.000,0.000,0.000,0.000,0.000,0.000,0.000,29.000,2.000,2024.000,9.000,16.000,17.000
1.000,418.684,1007.831,13.300,1.226,981.280,40.015,454333.247,0.000,0.000,0.000,0.000,12.001,0.000,109.359,0.000,0.052,5.432,22.854,0.000,48.498,109.410,105.113,0.021,5.546,23.880,0.807,48.848,0.000,0.000,0.000,0.000,0.000,0.000,0.000,29.000,2.000,2024.000,9.000,16.000,17.000
1.000,418.684,1007.831,13.300,1.226,981.280,40.015,454333.247,0.000,0.000,0.000,0.000,12.001,0.000,109.364,0.000,0.050,14.109,22.854,0.000,48.442,109.393,106.382,0.059,6.288,23.879,0.435,48.922,0.000,0.000,0.000,0.000,0.000,0.000,0.000,29.000,2.000,2024.000,9.000,16.000,17.000
1.000,418.684,1007.831,13.300,1.226,981.280,40.015,454333.247,0.000,0.000,0.000,0.000,12.001,0.000,109.315,0.000,0.066,8.044,22.854,0.000,48.554,109.366,108.074,0.071,6.288,23.875,0.799,48.894,0.000,0.000,0.000,0.000,0.000,0.000,0.000,29.000,2.000,2024.000,9.000,16.000,17.000
1.000,418.693,1007.831,13.300,1.226,981.302,40.015,454338.168,0.000,0.000,0.000,0.000,12.001,0.000,109.342,0.000,0.041,6.179,22.855,0.000,48.502,109.336,107.732,0.063,8.535,23.876,0.667,48.866,0.000,0.000,0.000,0.000,0.000,0.000,0.000,29.000,2.000,2024.000,9.000,16.000,18.000
1.000,418.693,1007.831,13.300,1.226,981.302,40.015,454338.168,0.000,0.000,0.000,0.000,12.001,0.000,109.468,0.000,0.039,7.231,22.869,0.000,48.558,109.376,106.863,0.020,9.729,23.889,1.080,48.866,0.000,0.000,0.000,0.000,0.000,0.000,0.000,29.000,2.000,2024.000,9.000,16.000,18.000
1.000,418.694,1007.836,13.280,1.226,981.304,40.014,454380.392,0.000,0.000,0.000,0.000,12.001,0.000,109.357,0.000,0.067,5.579,22.869,0.000,48.439,109.381,104.899,0.038,6.604,23.889,0.442,48.866,0.000,0.000,0.000,0.000,0.000,0.000,0.000,29.000,2.000,2024.000,9.000,16.000,18.000
1.000,418.694,1007.836,13.280,1.226,981.304,40.014,454380.392,0.000,0.000,0.000,0.000,12.001,0.000,109.394,0.000,0.048,10.264,22.839,0.000,48.568,109.327,105.797,0.094,6.403,23.879,1.083,48.855,0.000,0.000,0.000,0.000,0.000,0.000,0.000,29.000,2.000,2024.000,9.000,16.000,18.000
1.000,418.680,1007.836,13.300,1.226,981.271,40.015,454332.187,0.000,0.000,0.000,0.000,12.001,0.000,109.380,0.000,0.083,10.602,22.839,0.000,48.498,109.337,103.470,0.073,6.795,23.879,0.645,48.848,0.000,0.000,0.000,0.000,0.000,0.000,0.000,29.000,2.000,2024.000,9.000,16.000,18.000
1.000,418.680,1007.836,13.300,1.226,981.271,40.015,454332.187,0.000,0.000,0.000,0.000,12.001,0.000,109.412,0.000,0.041,6.315,22.865,0.000,48.495,109.317,100.083,0.040,6.070,23.885,1.053,48.925,0.000,0.000,0.000,0.000,0.000,0.000,0.000,29.000,2.000,2024.000,9.000,16.000,18.000
1.000,418.702,1007.836,13.300,1.226,981.323,40.016,454344.216,0.000,0.000,0.000,0.000,12.001,0.000,109.404,0.000,0.040,7.346,22.868,0.000,48.474,109.410,99.182,0.081,10.160,23.885,0.631,48.852,0.000,0.000,0.000,0.000,0.000,0.000,0.000,29.000,2.000,2024.000,9.000,16.000,18.000
