15.000,104.852,1007.804,13.420,1.225,244.608,19.983,226712.249,0.000,0.000,0.000,0.000,12.001,0.000,61.481,0.000,0.024,2.612,18.782,0.000,51.561,61.575,-40.634,0.027,1.876,19.981,0.968,46.864,0.000,0.000,0.000,0.000,0.000,0.000,0.000,29.000,2.000,2024.000,9.000,35.000,7.000
15.000,104.852,1007.804,13.420,1.225,244.608,19.983,226712.249,0.000,0.000,0.000,0.000,12.001,0.000,61.514,0.000,0.016,1.211,18.784,0.000,51.572,61.593,-37.580,0.043,1.276,19.979,0.789,46.829,0.000,0.000,0.000,0.000,0.000,0.000,0.000,29.000,2.000,2024.000,9.000,35.000,7.000
15.000,104.857,1007.805,13.420,1.225,244.620,19.983,226717.767,0.000,0.000,0.000,0.000,12.001,0.000,61.482,0.000,0.020,0.938,18.794,0.000,51.582,61.582,-34.477,0.029,1.265,19.972,0.975,46.867,0.000,0.000,0.000,0.000,0.000,0.000,0.000,29.000,2.000,2024.000,9.000,35.000,7.000
15.000,104.857,1007.805,13.420,1.225,244.620,19.983,226717.767,0.000,0.000,0.000,0.000,12.001,0.000,61.491,0.000,0.050,2.536,18.796,0.000,51.596,61.560,-30.634,0.045,2.192,19.973,0.994,46.843,0.000,0.000,0.000,0.000,0.000,0.000,0.000,29.000,2.000,2024.000,9.000,35.000,7.000
15.000,104.869,1007.808,13.420,1.225,244.648,19.984,226731.077,0.000,0.000,0.000,0.000,12.001,0.000,61.553,0.000,0.021,1.832,18.813,0.000,51.561,61.578,-29.225,0.041,1.069,19.981,0.312,46.822,0.000,0.000,0.000,0.000,0.000,0.000,0.000,29.000,2.000,2024.000,9.000,35.000,7.000
15.000,104.869,1007.808,13.420,1.225,244.648,19.984,226731.077,0.000,0.000,0.000,0.000,12.001,0.000,61.582,0.000,0.016,0.993,18.813,0.000,51.530,61.559,-29.030,0.034,1.303,19.981,0.247,46.846,0.000,0.000,0.000,0.000,0.000,0.000,0.000,29.000,2.000,2024.000,9.000,35.000,8.000
15.000,104.879,1007.808,13.420,1.225,244.671,19.985,226741.886,0.000,0.000,0.000,0.000,12.001,0.000,61.547,0.000,0.045,1.194,18.784,0.000,51.495,61.550,-29.969,0.030,1.734,20.002,0.195,46.825,0.000,0.000,0.000,0.000,0.000,0.000,0.000,29.000,2.000,2024.000,9.000,35.000,8.000
15.000,104.879,1007.808,13.420,1.225,244.671,19.985,226741.886,0.000,0.000,0.000,0.000,12.001,0.000,61.468,0.000,0.023,1.336,18.784,0.000,51.530,61.504,-28.413,0.058,1.685,20.002,0.333,46.857,0.000,0.000,0.000,0.000,0.000,0.000,0.000,29.000,2.000,2024.000,9.000,35.000,8.000
15.000,104.877,1007.806,13.420,1.225,244.666,19.985,226739.500,0.000,0.000,0.000,0.000,12.001,0.000,61.488,0.000,0.016,1.020,18.798,0.000,51.540,61.540,-26.970,0.050,1.194,19.971,0.418,46.829,0.000,0.000,0.000,0.000,0.000,0.000,0.000,29.000,2.000,2024.000,9.000,35.000,8.000
15.000,104.877,1007.806,13.420,1.225,244.666,19.985,226739.500,0.000,0.000,0.000,0.000,12.001,0.000,61.494,0.000,0.018,1.500,18.800,0.000,51.558,61.440,-26.806,0.030,1.614,19.968,0.581,46.916,0.000,0.000,0.000,0.000,0.000,0.000,0.000,29.000,2.000,2024.000,9.000,35.000,8.000
15.000,104.874,1007.806,13.420,1.225,244.659,19.985,226736.257,0.000,0.000,0.000,0.000,12.001,0.000,61.477,0.000,0.036,1.342,18.793,0.000,51.540,61.443,-29.164,0.036,2.498,19.992,0.380,46.906,0.000,0.000,0.000,0.000,0.000,0.000,0.000,29.000,2.000,2024.000,9.000,35.000,8.000
15.000,104.874,1007.806,13.420,1.225,244.659,19.985,226736.257,0.000,0.000,0.000,0.000,12.001,0.000,61.442,0.000,0.017,2.427,18.791,0.000,51.579,61.445,-28.946,0.033,1.042,19.999,0.173,46.899,0.000,0.000,0.000,0.000,0.000,0.000,0.000,29.000,2.000,2024.000,9.000,35.000,8.000
15.000,104.859,1007.807,13.420,1.225,244.624,19.984,226720.154,0.000,0.000,0.000,0.000,12.001,0.000,61.474,0.000,0.042,1.074,18.779,0.000,51.554,61.433,-30.162,0.028,1.396,19.966,0.544,46.941,0.000,0.000,0.000,0.000,0.000,0.000,0.000,29.000,2.000,2024.000,9.000,35.000,8.000
15.000,104.859,1007.807,13.420,1.225,244.624,19.984,226720.154,0.000,0.000,0.000,0.000,12.001,0.000,61.485,0.000,0.020,1.085,18.774,0.000,51.600,61.443,-31.169,0.027,1.009,19.952,0.430,46.920,0.000,0.000,0.000,0.000,0.000,0.000,0.000,29.000,2.000,2024.000,9.000,35.000,8.000
15.000,104.859,1007.807,13.420,1.225,244.624,19.984,226720.154,0.000,0.000,0.000,0.000,12.001,0.000,61.497,0.000,0.022,0.840,18.785,0.000,51.558,61.446,-33.051,0.031,3.256,19.969,0.640,46.909,0.000,0.000,0.000,0.000,0.000,0.000,0.000,29.000,2.000,2024.000,9.000,35.000,8.000
15.000,104.845,1007.808,13.420,1.225,244.592,19.982,226705.131,0.000,0.000,0.000,0.000,12.001,0.000,61.517,0.000,0.017,1.140,18.793,0.000,51.530,61.445,-35.315,0.028,1.113,19.980,0.706,46.927,0.000,0.000,0.000,0.000,0.000,0.000,0.000,29.000,2.000,2024.000,9.000,35.000,9.000
15.000,104.845,1007.808,13.420,1.225,244.592,19.982,226705.131,0.000,0.000,0.000,0.000,12.001,0.000,61.543,0.000,0.024,1.205,18.806,0.000,51.540,61.460,-38.155,0.042,1.582,19.974,0.781,46.934,0.000,0.000,0.000,0.000,0.000,0.000,0.000,29.000,2.000,2024.000,9.000,35.000,9.000
15.000,104.841,1007.809,13.400,1.225,244.582,19.981,226721.143,0.000,0.000,0.000,0.000,12.001,0.000,61.563,0.000,0.037,0.960,18.820,0.000,51.502,61.546,-39.946,0.041,1.271,19.967,0.213,46.916,0.000,0.000,0.000,0.000,0.000,0.000,0.000,29.000,2.000,2024.000,9.000,35.000,9.000
15.000,104.841,1007.809,13.400,1.225,244.582,19.981,226721.143,0.000,0.000,0.000,0.000,12.001,0.000,61.479,0.000,0.026,2.329,18.814,0.000,51.568,61.526,-38.964,0.008,2.481,19.972,0.619,46.909,0.000,0.000,0.000,0.000,0.000,0.000,0.000,29.000,2.000,2024.000,9.000,35.000,9.000
15.000,104.842,1007.808,13.400,1.225,244.585,19.981,226722.112,0.000,0.000,0.000,0.000,12.001,0.000,61.511,0.000,0.045,1.282,18.805,0.000,51.519,61.522,-38.290,0.026,1.063,19.979,0.218,46.916,0.000,0.000,0.000,0.000,0.000,0.000,0.000,29.000,2.000,2024.000,9.000,35.000,9.000
15.000,104.842,1007.808,13.400,1.225,244.585,19.981,226722.112,0.000,0.000,0.000,0.000,12.001,0.000,61.480,0.000,0.020,1.085,18.792,0.000,51.579,61.520,-37.379,0.039,1.402,19.973,0.397,46.923,0.000,0.000,0.000,0.000,0.000,0.000,0.000,29.000,2.000,2024.000,9.000,35.000,9.000
15.000,104.848,1007.809,13.400,1.225,244.599,19.982,226728.711,0.000,0.000,0.000,0.000,12.001,0.000,61.450,0.000,0.012,1.216,18.759,0.000,51.544,61.567,-34.458,0.030,1.282,19.959,1.344,46.888,0.000,0.000,0.000,0.000,0.000,0.000,0.000,29.000,2.000,2024.000,9.000,35.000,9.000
15.000,104.848,1007.809,13.400,1.225,244.599,19.982,226728.711,0.000,0.000,0.000,0.000,12.001,0.000,61.490,0.000,0.043,1.183,18.760,0.000,51.586,61.564,-30.644,0.036,2.410,19.957,0.743,46.881,0.000,0.000,0.000,0.000,0.000,0.000,0.000,29.000,2.000,2024.000,9.000,35.000,9.000
15.000,104.852,1007.808,13.400,1.225,244.608,19.982,226732.924,0.000,0.000,0.000,0.000,12.001,0.000,61.518,0.000,0.012,1.031,18.766,0.000,51.533,61.553,-28.513,0.046,1.309,19.950,0.391,46.944,0.000,0.000,0.000,0.000,0.000,0.000,0.000,29.000,2.000,2024.000,9.000,35.000,9.000
15.000,104.852,1007.808,13.400,1.225,244.608,19.982,226732.924,0.000,0.000,0.000,0.000,12.001,0.000,61.481,0.000,0.026,1.009,18.767,0.000,51.561,61.569,-26.958,0.038,1.358,19.952,1.017,46.850,0.000,0.000,0.000,0.000,0.000,0.000,0.000,29.000,2.000,2024.000,9.000,35.000,9.000
15.000,104.844,1007.806,13.400,1.225,244.589,19.981,226724.049,0.000,0.000,0.000,0.000,12.001,0.000,61.451,0.000,0.020,1.014,18.777,0.000,51.568,61.583,-22.259,0.047,1.167,19.971,1.546,46.878,0.000,0.000,0.000,0.000,0.000,0.000,0.000,29.000,2.000,2024.000,9.000,35.000,10.000
15.000,104.844,1007.806,13.400,1.225,244.589,19.981,226724.049,0.000,0.000,0.000,0.000,12.001,0.000,61.489,0.000,0.020,0.987,18.777,0.000,51.526,61.532,-19.122,0.052,2.400,19.971,0.502,46.864,0.000,0.000,0.000,0.000,0.000,0.000,0.000,29.000,2.000,2024.000,9.000,35.000,10.000
15.000,104.832,1007.805,13.400,1.225,244.561,19.980,226710.962,0.000,0.000,0.000,0.000,12.001,0.000,61.432,0.000,0.019,2.781,18.798,0.000,51.582,61.540,-16.414,0.048,1.276,19.965,1.067,46.923,0.000,0.000,0.000,0.000,0.000,0.000,0.000,29.000,2.000,2024.000,9.000,35.000,10.000
15.000,104.832,1007.805,13.400,1.225,244.561,19.980,226710.962,0.000,0.000,0.000,0.000,12.001,0.000,61.475,0.000,0.017,1.113,18.798,0.000,51.575,61.510,-14.042,0.054,1.429,19.965,0.322,46.906,0.000,0.000,0.000,0.000,0.000,0.000,0.000,29.000,2.000,2024.000,9.000,35.000,10.000
15.000,104.832,1007.805,13.400,1.225,244.561,19.980,226710.962,0.000,0.000,0.000,0.000,12.001,0.000,61.461,0.000,0.031,1.031,18.780,0.000,51.568,61.437,-13.338,0.038,1.031,19.996,0.528,46.878,0.000,0.000,0.000,0.000,0.000,0.000,0.000,29.000,2.000,2024.000,9.000,35.000,10.000
15.000,104.837,1007.807,13.400,1.225,244.573,19.981,226716.593,0.000,0.000,0.000,0.000,12.001,0.000,61.481,0.000,0.023,2.154,18.778,0.000,51.575,61.436,-14.505,0.023,1.189,19.999,0.514,46.941,0.000,0.000,0.000,0.000,0.000,0.000,0.000,29.000,2.000,2024.000,9.000,35.000,10.000
15.000,104.837,1007.807,13.400,1.225,244.573,19.981,226716.593,0.000,0.000,0.000,0.000,12.001,0.000,61.474,0.000,0.030,1.303,18.781,0.000,51.586,61.446,-16.012,0.041,1.123,19.970,0.200,46.965,0.000,0.000,0.000,0.000,0.000,0.000,0.000,29.000,2.000,2024.000,9.000,35.000,10.000
15.000,104.849,1007.806,13.400,1.225,244.601,19.982,226729.455,0.000,0.000,0.000,0.000,12.001,0.000,61.514,0.000,0.021,2.127,18.782,0.000,51.551,61.447,-17.762,0.027,1.118,19.962,0.719,46.934,0.000,0.000,0.000,0.000,0.000,0.000,0.000,29.000,2.000,2024.000,9.000,35.000,10.000
15.000,104.849,1007.806,13.400,1.225,244.601,19.982,226729.455,0.000,0.000,0.000,0.000,12.001,0.000,61.504,0.000,0.025,1.080,18.769,0.000,51.544,61.442,-20.123,0.023,1.194,19.966,0.632,46.948,0.000,0.000,0.000,0.000,0.000,0.000,0.000,29.000,2.000,2024.000,9.000,35.000,10.000
15.000,104.868,1007.804,13.400,1.225,244.645,19.984,226749.772,0.000,0.000,0.000,0.000,12.001,0.000,61.507,0.000,0.042,1.429,18.763,0.000,51.586,61.439,-22.063,0.023,2.640,19.967,0.723,46.948,0.000,0.000,0.000,0.000,0.000,0.000,0.000,29.000,2.000,2024.000,9.000,35.000,10.000
15.000,104.868,1007.804,13.400,1.225,244.645,19.984,226749.772,0.000,0.000,0.000,0.000,12.001,0.000,61.525,0.000,0.024,1.222,18.781,0.000,51.523,61.456,-24.874,0.037,2.209,19.967,0.770,46.955,0.000,0.000,0.000,0.000,0.000,0.000,0.000,29.000,2.000,2024.000,9.000,35.000,11.000
15.000,104.864,1007.803,13.400,1.225,244.636,19.983,226745.335,0.000,0.000,0.000,0.000,12.001,0.000,61.559,0.000,0.027,2.383,18.793,0.000,51.572,61.437,-28.236,0.033,1.004,19.966,1.243,46.976,0.000,0.000,0.000,0.000,0.000,0.000,0.000,29.000,2.000,2024.000,9.000,35.000,11.000
15.000,104.864,1007.803,13.400,1.225,244.636,19.983,226745.335,0.000,0.000,0.000,0.000,12.001,0.000,61.525,0.000,0.022,1.085,18.785,0.000,51.498,61.439,-32.071,0.029,1.418,19.960,0.843,46.965,0.000,0.000,0.000,0.000,0.000,0.000,0.000,29.000,2.000,2024.000,9.000,35.000,11.000
15.000,104.850,1007.805,13.400,1.225,244.603,19.982,226730.424,0.000,0.000,0.000,0.000,12.001,0.000,61.542,0.000,0.023,1.047,18.778,0.000,51.523,61.440,-35.040,0.036,3.310,19.953,1.052,46.990,0.000,0.000,0.000,0.000,0.000,0.000,0.000,29.000,2.000,2024.000,9.000,35.000,11.000
15.000,104.850,1007.805,13.400,1.225,244.603,19.982,226730.424,0.000,0.000,0.000,0.000,12.001,0.000,61.515,0.000,0.030,2.481,18.780,0.000,51.533,61.429,-38.687,0.027,1.129,19.956,0.813,46.976,0.000,0.000,0.000,0.000,0.000,0.000,0.000,29.000,2.000,2024.000,9.000,35.000,11.000
15.000,104.858,1007.803,13.400,1.225,244.622,19.983,226738.848,0.000,0.000,0.000,0.000,12.001,0.000,61.533,0.000,0.004,1.080,18.783,0.000,51.533,61.471,-41.010,0.040,1.243,19.960,0.792,46.993,0.000,0.000,0.000,0.000,0.000,0.000,0.000,29.000,2.000,2024.000,9.000,35.000,11.000
15.000,104.858,1007.803,13.400,1.225,244.622,19.983,226738.848,0.000,0.000,0.000,0.000,12.001,0.000,61.475,0.000,0.028,1.429,18.788,0.000,51.537,61.545,-41.736,0.041,1.140,19.954,0.829,46.927,0.000,0.000,0.000,0.000,0.000,0.000,0.000,29.000,2.000,2024.000,9.000,35.000,11.000
15.000,104.858,1007.803,13.400,1.225,244.622,19.983,226738.848,0.000,0.000,0.000,0.000,12.001,0.000,61.469,0.000,0.014,0.944,18.799,0.000,51.582,61.569,-38.170,0.044,1.582,19.940,1.064,46.920,0.000,0.000,0.000,0.000,0.000,0.000,0.000,29.000,2.000,2024.000,9.000,35.000,11.000
15.000,104.858,1007.803,13.380,1.225,244.622,19.982,226759.077,0.000,0.000,0.000,0.000,12.001,0.000,61.452,0.000,0.036,2.727,18.796,0.000,51.575,61.584,-34.067,0.044,1.156,19.942,1.357,46.899,0.000,0.000,0.000,0.000,0.000,0.000,0.000,29.000,2.000,2024.000,9.000,35.000,11.000
15.000,104.858,1007.803,13.380,1.225,244.622,19.982,226759.077,0.000,0.000,0.000,0.000,12.001,0.000,61.395,0.000,0.016,1.222,18.783,0.000,51.561,61.558,-28.669,0.023,1.020,19.950,1.765,46.895,0.000,0.000,0.000,0.000,0.000,0.000,0.000,29.000,2.000,2024.000,9.000,35.000,11.000
15.000,104.864,1007.804,13.380,1.225,244.636,19.983,226765.677,0.000,0.000,0.000,0.000,12.001,0.000,61.417,0.000,0.026,1.320,18.782,0.000,51.600,61.550,-22.945,0.044,2.394,19.952,1.416,46.899,0.000,0.000,0.000,0.000,0.000,0.000,0.000,29.000,2.000,2024.000,9.000,35.000,12.000
15.000,104.864,1007.804,13.380,1.225,244.636,19.983,226765.677,0.000,0.000,0.000,0.000,12.001,0.000,61.435,0.000,0.030,1.091,18.767,0.000,51.610,61.592,-17.602,0.036,0.993,19.973,1.720,46.850,0.000,0.000,0.000,0.000,0.000,0.000,0.000,29.000,2.000,2024.000,9.000,35.000,12.000
15.000,104.858,1007.801,13.380,1.225,244.622,19.982,226758.852,0.000,0.000,0.000,0.000,12.001,0.000,61.407,0.000,0.028,2.694,18.767,0.000,51.610,61.584,-12.103,0.028,1.129,19.973,1.887,46.885,0.000,0.000,0.000,0.000,0.000,0.000,0.000,29.000,2.000,2024.000,9.000,35.000,12.000
15.000,104.858,1007.801,13.380,1.225,244.622,19.982,226758.852,0.000,0.000,0.000,0.000,12.001,0.000,61.494,0.000,0.041,1.085,18.780,0.000,51.614,61.556,-7.032,0.016,1.036,19.954,0.630,46.860,0.000,0.000,0.000,0.000,0.000,0.000,0.000,29.000,2.000,2024.000,9.000,35.000,12.000
15.000,104.861,1007.801,13.380,1.225,244.629,19.982,226762.095,0.000,0.000,0.000,0.000,12.001,0.000,61.460,0.000,0.031,1.342,18.780,0.000,51.596,61.532,-5.313,0.028,1.096,19.954,0.652,46.878,0.000,0.000,0.000,0.000,0.000,0.000,0.000,29.000,2.000,2024.000,9.000,35.000,12.000
15.000,104.861,1007.801,13.380,1.225,244.629,19.982,226762.095,0.000,0.000,0.000,0.000,12.001,0.000,61.436,0.000,0.032,1.031,18.788,0.000,51.638,61.434,-3.282,0.030,1.549,19.952,0.255,46.920,0.000,0.000,0.000,0.000,0.000,0.000,0.000,29.000,2.000,2024.000,9.000,35.000,12.000
15.000,104.877,1007.801,13.380,1.225,244.666,19.984,226779.394,0.000,0.000,0.000,0.000,12.001,0.000,61.528,0.000,0.032,0.802,18.788,0.000,51.596,61.454,-5.182,0.040,2.067,19.952,0.880,46.892,0.000,0.000,0.000,0.000,0.000,0.000,0.000,29.000,2.000,2024.000,9.000,35.000,12.000
15.000,104.877,1007.801,13.380,1.225,244.666,19.984,226779.394,0.000,0.000,0.000,0.000,12.001,0.000,61.500,0.000,0.023,2.776,18.759,0.000,51.561,61.426,-7.812,0.027,1.096,19.957,0.760,46.923,0.000,0.000,0.000,0.000,0.000,0.000,0.000,29.000,2.000,2024.000,9.000,35.000,12.000
15.000,104.879,1007.804,13.380,1.225,244.671,19.984,226781.894,0.000,0.000,0.000,0.000,12.001,0.000,61.470,0.000,0.012,1.058,18.752,0.000,51.621,61.456,-9.658,0.027,1.080,19.958,0.194,46.902,0.000,0.000,0.000,0.000,0.000,0.000,0.000,29.000,2.000,2024.000,9.000,35.000,12.000
15.000,104.879,1007.804,13.380,1.225,244.671,19.984,226781.894,0.000,0.000,0.000,0.000,12.001,0.000,61.468,0.000,0.022,1.287,18.769,0.000,51.607,61.443,-10.194,0.036,2.487,19.944,0.367,46.930,0.000,0.000,0.000,0.000,0.000,0.000,0.000,29.000,2.000,2024.000,9.000,35.000,12.000
15.000,104.882,1007.802,13.380,1.225,244.678,19.984,226784.912,0.000,0.000,0.000,0.000,12.001,0.000,61.514,0.000,0.037,1.396,18.776,0.000,51.579,61.436,-11.896,0.041,1.402,19.939,0.891,46.909,0.000,0.000,0.000,0.000,0.000,0.000,0.000,29.000,2.000,2024.000,9.000,35.000,13.000
15.000,104.882,1007.802,13.380,1.225,244.678,19.984,226784.912,0.000,0.000,0.000,0.000,12.001,0.000,61.560,0.000,0.018,1.865,18.767,0.000,51.572,61.461,-15.407,0.031,1.063,19.948,1.002,46.927,0.000,0.000,0.000,0.000,0.000,0.000,0.000,29.000,2.000,2024.000,9.000,35.000,13.000
15.000,104.882,1007.802,13.380,1.225,244.678,19.984,226784.912,0.000,0.000,0.000,0.000,12.001,0.000,61.526,0.000,0.029,1.096,18.761,0.000,51.582,61.510,-17.232,0.051,0.660,19.954,0.082,46.843,0.000,0.000,0.000,0.000,0.000,0.000,0.000,29.000,2.000,2024.000,9.000,35.000,13.000
15.000,104.871,1007.802,13.380,1.225,244.652,19.983,226773.020,0.000,0.000,0.000,0.000,12.001,0.000,61.519,0.000,0.026,1.413,18.755,0.000,51.607,61.547,-16.848,0.045,2.394,19.954,0.376,46.843,0.000,0.000,0.000,0.000,0.000,0.000,0.000,29.000,2.000,2024.000,9.000,35.000,13.000
15.000,104.871,1007.802,13.380,1.225,244.652,19.983,226773.020,0.000,0.000,0.000,0.000,12.001,0.000,61.529,0.000,0.029,1.102,18.749,0.000,51.572,61.582,-15.406,0.025,1.053,19.955,0.563,46.867,0.000,0.000,0.000,0.000,0.000,0.000,0.000,29.000,2.000,2024.000,9.000,35.000,13.000
15.000,104.859,1007.802,13.380,1.225,244.624,19.982,226760.045,0.000,0.000,0.000,0.000,12.001,0.000,61.508,0.000,0.027,1.036,18.758,0.000,51.586,61.545,-12.875,0.050,1.025,19.952,0.529,46.888,0.000,0.000,0.000,0.000,0.000,0.000,0.000,29.000,2.000,2024.000,9.000,35.000,13.000
15.000,104.859,1007.802,13.380,1.225,244.624,19.982,226760.045,0.000,0.000,0.000,0.000,12.001,0.000,61.536,0.000,0.020,1.353,18.771,0.000,51.582,61.563,-12.669,0.051,2.781,19.948,0.281,46.766,0.000,0.000,0.000,0.000,0.000,0.000,0.000,29.000,2.000,2024.000,9.000,35.000,13.000
15.000,104.857,1007.803,13.380,1.225,244.620,19.982,226757.995,0.000,0.000,0.000,0.000,12.001,0.000,61.543,0.000,0.026,1.232,18.768,0.000,51.589,61.574,-11.202,0.027,1.058,19.947,0.317,46.843,0.000,0.000,0.000,0.000,0.000,0.000,0.000,29.000,2.000,2024.000,9.000,35.000,13.000
15.000,104.857,1007.803,13.380,1.225,244.620,19.982,226757.995,0.000,0.000,0.000,0.000,12.001,0.000,61.532,0.000,0.028,2.203,18.760,0.000,51.533,61.516,-11.078,0.058,0.987,19.943,0.230,46.804,0.000,0.000,0.000,0.000,0.000,0.000,0.000,29.000,2.000,2024.000,9.000,35.000,13.000
15.000,104.862,1007.802,13.380,1.225,244.631,19.982,226763.289,0.000,0.000,0.000,0.000,12.001,0.000,61.490,0.000,0.028,1.004,18.759,0.000,51.572,61.423,-12.533,0.016,1.211,19.948,0.737,46.913,0.000,0.000,0.000,0.000,0.000,0.000,0.000,29.000,2.000,2024.000,9.000,35.000,13.000
15.000,104.862,1007.802,13.380,1.225,244.631,19.982,226763.289,0.000,0.000,0.000,0.000,12.001,0.000,61.455,0.000,0.043,1.276,18.756,0.000,51.600,61.432,-13.305,0.029,1.631,19.971,0.400,46.913,0.000,0.000,0.000,0.000,0.000,0.000,0.000,29.000,2.000,2024.000,9.000,35.000,14.000
15.000,104.866,1007.801,13.380,1.225,244.641,19.983,226767.501,0.000,0.000,0.000,0.000,12.001,0.000,61.533,0.000,0.037,0.987,18.757,0.000,51.586,61.458,-15.653,0.032,1.974,19.967,0.873,46.874,0.000,0.000,0.000,0.000,0.000,0.000,0.000,29.000,2.000,2024.000,9.000,35.000,14.000
15.000,104.866,1007.801,13.380,1.225,244.641,19.983,226767.501,0.000,0.000,0.000,0.000,12.001,0.000,61.485,0.000,0.039,2.563,18.766,0.000,51.579,61.434,-17.786,0.037,1.074,19.928,0.718,46.927,0.000,0.000,0.000,0.000,0.000,0.000,0.000,29.000,2.000,2024.000,9.000,35.000,14.000
15.000,104.866,1007.801,13.380,1.225,244.641,19.983,226767.501,0.000,0.000,0.000,0.000,12.001,0.000,61.545,0.000,0.032,1.320,18.766,0.000,51.568,61.447,-20.234,0.023,1.020,19.928,0.997,46.937,0.000,0.000,0.000,0.000,0.000,0.000,0.000,29.000,2.000,2024.000,9.000,35.000,14.000
15.000,104.865,1007.801,13.380,1.225,244.638,19.983,226766.420,0.000,0.000,0.000,0.000,12.001,0.000,61.547,0.000,0.031,0.873,18.755,0.000,51.554,61.445,-24.415,0.032,2.498,19.950,0.870,46.913,0.000,0.000,0.000,0.000,0.000,0.000,0.000,29.000,2.000,2024.000,9.000,35.000,14.000
15.000,104.865,1007.801,13.380,1.225,244.638,19.983,226766.420,0.000,0.000,0.000,0.000,12.001,0.000,61.538,0.000,0.027,2.934,18.755,0.000,51.554,61.444,-28.120,0.032,1.456,19.950,1.017,46.923,0.000,0.000,0.000,0.000,0.000,0.000,0.000,29.000,2.000,2024.000,9.000,35.000,14.000
15.000,104.863,1007.801,13.380,1.225,244.634,19.983,226764.258,0.000,0.000,0.000,0.000,12.001,0.000,61.511,0.000,0.043,1.014,18.776,0.000,51.596,61.448,-30.101,0.032,1.053,19.946,0.616,46.923,0.000,0.000,0.000,0.000,0.000,0.000,0.000,29.000,2.000,2024.000,9.000,35.000,14.000
15.000,104.863,1007.801,13.380,1.225,244.634,19.983,226764.258,0.000,0.000,0.000,0.000,12.001,0.000,61.465,0.000,0.059,1.216,18.778,0.000,51.523,61.422,-33.066,0.029,1.205,19.946,0.498,46.965,0.000,0.000,0.000,0.000,0.000,0.000,0.000,29.000,2.000,2024.000,9.000,35.000,14.000
15.000,104.864,1007.800,13.380,1.225,244.636,19.983,226765.227,0.000,0.000,0.000,0.000,12.001,0.000,61.448,0.000,0.032,0.900,18.760,0.000,51.603,61.531,-31.864,0.027,1.767,19.937,0.860,46.899,0.000,0.000,0.000,0.000,0.000,0.000,0.000,29.000,2.000,2024.000,9.000,35.000,14.000
15.000,104.864,1007.800,13.380,1.225,244.636,19.983,226765.227,0.000,0.000,0.000,0.000,12.001,0.000,61.440,0.000,0.050,1.483,18.756,0.000,51.575,61.579,-27.560,0.025,1.500,19.935,1.607,46.885,0.000,0.000,0.000,0.000,0.000,0.000,0.000,29.000,2.000,2024.000,9.000,35.000,14.000
15.000,104.869,1007.800,13.380,1.225,244.648,19.983,226770.633,0.000,0.000,0.000,0.000,12.001,0.000,61.564,0.000,0.021,0.960,18.765,0.000,51.533,61.549,-25.702,0.016,1.156,19.944,0.276,46.888,0.000,0.000,0.000,0.000,0.000,0.000,0.000,29.000,2.000,2024.000,9.000,35.000,15.000
15.000,104.869,1007.800,13.380,1.225,244.648,19.983,226770.633,0.000,0.000,0.000,0.000,12.001,0.000,61.539,0.000,0.014,1.232,18.769,0.000,51.558,61.574,-25.415,0.048,2.301,19.948,0.499,46.846,0.000,0.000,0.000,0.000,0.000,0.000,0.000,29.000,2.000,2024.000,9.000,35.000,15.000
15.000,104.866,1007.801,13.380,1.225,244.641,19.983,226767.501,0.000,0.000,0.000,0.000,12.001,0.000,61.540,0.000,0.022,1.751,18.774,0.000,51.530,61.558,-24.088,0.048,1.260,19.937,0.292,46.846,0.000,0.000,0.000,0.000,0.000,0.000,0.000,29.000,2.000,2024.000,9.000,35.000,15.000
15.000,104.866,1007.801,13.380,1.225,244.641,19.983,226767.501,0.000,0.000,0.000,0.000,12.001,0.000,61.528,0.000,0.019,1.663,18.777,0.000,51.544,61.491,-24.503,0.054,1.162,19.930,0.295,46.864,0.000,0.000,0.000,0.000,0.000,0.000,0.000,29.000,2.000,2024.000,9.000,35.000,15.000
15.000,104.857,1007.801,13.380,1.225,244.620,19.982,226757.770,0.000,0.000,0.000,0.000,12.001,0.000,61.517,0.000,0.021,0.965,18.772,0.000,51.575,61.423,-26.972,0.020,1.374,19.941,1.030,46.955,0.000,0.000,0.000,0.000,0.000,0.000,0.000,29.000,2.000,2024.000,9.000,35.000,15.000
15.000,104.857,1007.801,13.380,1.225,244.620,19.982,226757.770,0.000,0.000,0.000,0.000,12.001,0.000,61.518,0.000,0.036,1.413,18.767,0.000,51.568,61.465,-29.345,0.022,1.173,19.951,0.488,46.916,0.000,0.000,0.000,0.000,0.000,0.000,0.000,29.000,2.000,2024.000,9.000,35.000,15.000
15.000,104.857,1007.801,13.380,1.225,244.620,19.982,226757.770,0.000,0.000,0.000,0.000,12.001,0.000,61.532,0.000,0.024,1.402,18.766,0.000,51.572,61.435,-32.315,0.033,2.776,19.946,1.119,46.955,0.000,0.000,0.000,0.000,0.000,0.000,0.000,29.000,2.000,2024.000,9.000,35.000,15.000
15.000,104.854,1007.802,13.380,1.225,244.613,19.982,226754.639,0.000,0.000,0.000,0.000,12.001,0.000,61.504,0.000,0.036,1.042,18.766,0.000,51.593,61.457,-34.855,0.023,1.385,19.937,0.415,46.941,0.000,0.000,0.000,0.000,0.000,0.000,0.000,29.000,2.000,2024.000,9.000,35.000,15.000
15.000,104.854,1007.802,13.380,1.225,244.613,19.982,226754.639,0.000,0.000,0.000,0.000,12.001,0.000,61.483,0.000,0.015,1.494,18.765,0.000,51.572,61.423,-36.820,0.027,1.123,19.936,0.690,46.969,0.000,0.000,0.000,0.000,0.000,0.000,0.000,29.000,2.000,2024.000,9.000,35.000,15.000
15.000,104.853,1007.804,13.380,1.225,244.610,19.982,226753.783,0.000,0.000,0.000,0.000,12.001,0.000,61.447,0.000,0.013,1.074,18.765,0.000,51.614,61.449,-37.446,0.031,2.296,19.936,0.182,46.958,0.000,0.000,0.000,0.000,0.000,0.000,0.000,29.000,2.000,2024.000,9.000,35.000,15.000
15.000,104.853,1007.804,13.380,1.225,244.610,19.982,226753.783,0.000,0.000,0.000,0.000,12.001,0.000,61.481,0.000,0.019,0.927,18.763,0.000,51.579,61.427,-38.133,0.031,2.198,19.939,0.535,47.014,0.000,0.000,0.000,0.000,0.000,0.000,0.000,29.000,2.000,2024.000,9.000,35.000,16.000
15.000,104.852,1007.803,13.380,1.225,244.608,19.982,226752.589,0.000,0.000,0.000,0.000,12.001,0.000,61.550,0.000,0.022,2.236,18.756,0.000,51.551,61.455,-40.760,0.028,1.914,19.950,1.005,46.979,0.000,0.000,0.000,0.000,0.000,0.000,0.000,29.000,2.000,2024.000,9.000,35.000,16.000
15.000,104.852,1007.803,13.380,1.225,244.608,19.982,226752.589,0.000,0.000,0.000,0.000,12.001,0.000,61.580,0.000,0.012,1.205,18.757,0.000,51.530,61.466,-44.961,0.037,1.063,19.947,1.313,46.969,0.000,0.000,0.000,0.000,0.000,0.000,0.000,29.000,2.000,2024.000,9.000,35.000,16.000
15.000,104.846,1007.801,13.380,1.225,244.594,19.981,226745.877,0.000,0.000,0.000,0.000,12.001,0.000,61.489,0.000,0.044,1.025,18.758,0.000,51.516,61.560,-46.089,0.042,1.260,19.917,0.862,46.909,0.000,0.000,0.000,0.000,0.000,0.000,0.000,29.000,2.000,2024.000,9.000,35.000,16.000
15.000,104.846,1007.801,13.380,1.225,244.594,19.981,226745.877,0.000,0.000,0.000,0.000,12.001,0.000,61.456,0.000,0.024,0.856,18.758,0.000,51.589,61.594,-42.169,0.025,2.323,19.917,1.540,46.916,0.000,0.000,0.000,0.000,0.000,0.000,0.000,29.000,2.000,2024.000,9.000,35.000,16.000
15.000,104.832,1007.801,13.380,1.225,244.561,19.980,226730.738,0.000,0.000,0.000,0.000,12.001,0.000,61.477,0.000,0.024,1.107,18.773,0.000,51.579,61.585,-37.245,0.037,1.085,19.922,1.224,46.902,0.000,0.000,0.000,0.000,0.000,0.000,0.000,29.000,2.000,2024.000,9.000,35.000,16.000
15.000,104.832,1007.801,13.380,1.225,244.561,19.980,226730.738,0.000,0.000,0.000,0.000,12.001,0.000,61.510,0.000,0.008,1.042,18.773,0.000,51.558,61.562,-34.607,0.025,1.178,19.922,0.598,46.906,0.000,0.000,0.000,0.000,0.000,0.000,0.000,29.000,2.000,2024.000,9.000,35.000,16.000
15.000,104.813,1007.801,13.380,1.225,244.517,19.978,226710.191,0.000,0.000,0.000,0.000,12.001,0.000,61.505,0.000,0.035,1.298,18.761,0.000,51.579,61.555,-32.703,0.036,2.100,19.917,0.494,46.941,0.000,0.000,0.000,0.000,0.000,0.000,0.000,29.000,2.000,2024.000,9.000,35.000,16.000
15.000,104.813,1007.801,13.380,1.225,244.517,19.978,226710.191,0.000,0.000,0.000,0.000,12.001,0.000,61.452,0.000,0.022,1.216,18.760,0.000,51.593,61.555,-29.933,0.022,2.149,19.916,1.063,46.909,0.000,0.000,0.000,0.000,0.000,0.000,0.000,29.000,2.000,2024.000,9.000,35.000,16.000
15.000,104.813,1007.801,13.380,1.225,244.517,19.978,226710.191,0.000,0.000,0.000,0.000,12.001,0.000,61.491,0.000,0.026,1.691,18.769,0.000,51.596,61.574,-26.741,0.034,1.173,19.920,0.925,46.906,0.000,0.000,0.000,0.000,0.000,0.000,0.000,29.000,2.000,2024.000,9.000,35.000,16.000
15.000,104.802,1007.803,13.380,1.225,244.491,19.977,226698.519,0.000,0.000,0.000,0.000,12.001,0.000,61.446,0.000,0.033,1.151,18.772,0.000,51.540,61.578,-23.315,0.026,1.227,19.921,1.412,46.885,0.000,0.000,0.000,0.000,0.000,0.000,0.000,29.000,2.000,2024.000,9.000,35.000,17.000
15.000,104.802,1007.803,13.380,1.225,244.491,19.977,226698.519,0.000,0.000,0.000,0.000,12.001,0.000,61.439,0.000,0.028,1.560,18.776,0.000,51.610,61.569,-18.366,0.025,2.432,19.928,1.389,46.888,0.000,0.000,0.000,0.000,0.000,0.000,0.000,29.000,2.000,2024.000,9.000,35.000,17.000
15.000,104.811,1007.803,13.380,1.225,244.512,19.978,226708.253,0.000,0.000,0.000,0.000,12.001,0.000,61.398,0.000,0.023,1.085,18.777,0.000,51.617,61.573,-12.573,0.046,1.811,19.931,1.961,46.885,0.000,0.000,0.000,0.000,0.000,0.000,0.000,29.000,2.000,2024.000,9.000,35.000,17.000
15.000,104.811,1007.803,13.380,1.225,244.512,19.978,226708.253,0.000,0.000,0.000,0.000,12.001,0.000,61.547,0.000,0.036,2.100,18.761,0.000,51.540,61.528,-9.291,0.012,1.123,19.935,0.349,46.878,0.000,0.000,0.000,0.000,0.000,0.000,0.000,29.000,2.000,2024.000,9.000,35.000,17.000
15.000,104.820,1007.804,13.380,1.225,244.533,19.978,226718.098,0.000,0.000,0.000,0.000,12.001,0.000,61.555,0.000,0.023,1.238,18.751,0.000,51.544,61.518,-10.742,0.019,1.303,19.938,0.310,46.892,0.000,0.000,0.000,0.000,0.000,0.000,0.000,29.000,2.000,2024.000,9.000,35.000,17.000
