9.000,419.194,1007.827,12.820,1.228,982.485,40.006,455586.814,0.000,0.000,0.000,0.000,12.005,0.000,123.037,0.000,0.055,12.718,22.381,0.000,50.998,123.099,171.523,0.069,13.029,22.154,0.718,50.669,0.000,0.000,0.000,0.000,0.000,0.000,0.000,29.000,2.000,2024.000,9.000,9.000,50.000
9.000,419.194,1007.827,12.820,1.228,982.485,40.006,455586.814,0.000,0.000,0.000,0.000,12.005,0.000,123.074,0.000,0.027,18.106,22.388,0.000,51.029,123.067,172.098,0.032,12.014,22.157,0.227,50.616,0.000,0.000,0.000,0.000,0.000,0.000,0.000,29.000,2.000,2024.000,9.000,9.000,50.000
9.000,419.172,1007.829,12.820,1.228,982.433,40.005,455575.218,0.000,0.000,0.000,0.000,12.005,0.000,123.100,0.000,0.074,15.352,22.391,0.000,51.082,123.005,169.566,0.079,13.623,22.159,1.445,50.714,0.000,0.000,0.000,0.000,0.000,0.000,0.000,29.000,2.000,2024.000,9.000,9.000,50.000
9.000,419.172,1007.829,12.820,1.228,982.433,40.005,455575.218,0.000,0.000,0.000,0.000,12.005,0.000,123.051,0.000,0.084,9.909,22.378,0.000,51.075,123.069,168.926,0.054,12.069,22.164,0.266,50.571,0.000,0.000,0.000,0.000,0.000,0.000,0.000,29.000,2.000,2024.000,9.000,9.000,50.000
9.000,419.111,1007.826,12.820,1.228,982.289,40.002,455541.133,0.000,0.000,0.000,0.000,12.005,0.000,122.996,0.000,0.054,12.451,22.369,0.000,51.103,123.044,170.178,0.047,9.762,22.168,0.698,50.585,0.000,0.000,0.000,0.000,0.000,0.000,0.000,29.000,2.000,2024.000,9.000,9.000,50.000
9.000,419.111,1007.826,12.820,1.228,982.289,40.002,455541.133,0.000,0.000,0.000,0.000,12.005,0.000,123.012,0.000,0.063,10.749,22.384,0.000,51.071,123.029,169.397,0.095,11.458,22.178,0.771,50.606,0.000,0.000,0.000,0.000,0.000,0.000,0.000,29.000,2.000,2024.000,9.000,9.000,50.000
9.000,419.072,1007.824,12.820,1.228,982.197,40.000,455519.322,0.000,0.000,0.000,0.000,12.005,0.000,123.017,0.000,0.087,9.653,22.400,0.000,51.082,123.098,172.512,0.078,9.588,22.188,0.665,50.522,0.000,0.000,0.000,0.000,0.000,0.000,0.000,29.000,2.000,2024.000,9.000,9.000,50.000
9.000,419.072,1007.824,12.820,1.228,982.197,40.000,455519.322,0.000,0.000,0.000,0.000,12.005,0.000,122.986,0.000,0.070,10.362,22.395,0.000,51.012,123.042,174.956,0.030,10.062,22.188,0.466,50.574,0.000,0.000,0.000,0.000,0.000,0.000,0.000,29.000,2.000,2024.000,9.000,9.000,51.000
9.000,419.054,1007.824,12.820,1.228,982.154,39.999,455509.463,0.000,0.000,0.000,0.000,12.005,0.000,123.014,0.000,0.039,11.404,22.387,0.000,51.015,123.001,175.592,0.044,9.986,22.189,0.357,50.634,0.000,0.000,0.000,0.000,0.000,0.000,0.000,29.000,2.000,2024.000,9.000,9.000,51.000
9.000,419.054,1007.824,12.820,1.228,982.154,39.999,455509.463,0.000,0.000,0.000,0.000,12.005,0.000,123.029,0.000,0.026,11.131,22.394,0.000,51.071,122.994,174.309,0.055,10.476,22.188,0.345,50.700,0.000,0.000,0.000,0.000,0.000,0.000,0.000,29.000,2.000,2024.000,9.000,9.000,51.000
9.000,419.056,1007.824,12.820,1.228,982.159,40.000,455510.558,0.000,0.000,0.000,0.000,12.005,0.000,123.095,0.000,0.111,11.534,22.410,0.000,51.047,123.064,174.563,0.037,10.313,22.186,0.603,50.644,0.000,0.000,0.000,0.000,0.000,0.000,0.000,29.000,2.000,2024.000,9.000,9.000,51.000
9.000,419.056,1007.824,12.820,1.228,982.159,40.000,455510.558,0.000,0.000,0.000,0.000,12.005,0.000,123.116,0.000,0.090,11.496,22.407,0.000,51.015,123.021,171.058,0.031,9.664,22.185,0.925,50.648,0.000,0.000,0.000,0.000,0.000,0.000,0.000,29.000,2.000,2024.000,9.000,9.000,51.000
9.000,419.063,1007.825,12.820,1.228,982.176,40.000,455514.618,0.000,0.000,0.000,0.000,12.005,0.000,123.075,0.000,0.121,10.231,22.396,0.000,50.994,123.021,169.202,0.048,10.106,22.181,0.778,50.637,0.000,0.000,0.000,0.000,0.000,0.000,0.000,29.000,2.000,2024.000,9.000,9.000,51.000
9.000,419.063,1007.825,12.820,1.228,982.176,40.000,455514.618,0.000,0.000,0.000,0.000,12.005,0.000,122.980,0.000,0.118,9.522,22.399,0.000,50.963,123.071,168.646,0.039,9.517,22.184,1.433,50.616,0.000,0.000,0.000,0.000,0.000,0.000,0.000,29.000,2.000,2024.000,9.000,9.000,51.000
9.000,419.063,1007.825,12.820,1.228,982.176,40.000,455514.618,0.000,0.000,0.000,0.000,12.005,0.000,123.015,0.000,0.065,9.789,22.418,0.000,51.089,123.053,171.244,0.060,10.580,22.210,0.756,50.669,0.000,0.000,0.000,0.000,0.000,0.000,0.000,29.000,2.000,2024.000,9.000,9.000,51.000
9.000,419.064,1007.823,12.820,1.228,982.178,40.000,455514.714,0.000,0.000,0.000,0.000,12.005,0.000,123.064,0.000,0.067,9.495,22.418,0.000,51.026,122.995,170.203,0.054,11.273,22.210,0.897,50.623,0.000,0.000,0.000,0.000,0.000,0.000,0.000,29.000,2.000,2024.000,9.000,9.000,51.000
9.000,419.064,1007.823,12.820,1.228,982.178,40.000,455514.714,0.000,0.000,0.000,0.000,12.005,0.000,122.988,0.000,0.064,10.907,22.419,0.000,51.064,123.120,172.169,0.053,10.008,22.221,1.935,50.546,0.000,0.000,0.000,0.000,0.000,0.000,0.000,29.000,2.000,2024.000,9.000,9.000,51.000
9.000,419.051,1007.823,12.820,1.228,982.147,39.999,455507.594,0.000,0.000,0.000,0.000,12.005,0.000,123.068,0.000,0.039,11.109,22.419,0.000,51.050,122.975,172.395,0.041,13.012,22.221,1.090,50.676,0.000,0.000,0.000,0.000,0.000,0.000,0.000,29.000,2.000,2024.000,9.000,9.000,52.000
9.000,419.051,1007.823,12.820,1.228,982.147,39.999,455507.594,0.000,0.000,0.000,0.000,12.005,0.000,123.014,0.000,0.077,11.415,22.427,0.000,50.984,123.023,170.407,0.045,15.363,22.230,0.428,50.634,0.000,0.000,0.000,0.000,0.000,0.000,0.000,29.000,2.000,2024.000,9.000,9.000,52.000
9.000,419.060,1007.823,12.820,1.228,982.168,40.000,455512.523,0.000,0.000,0.000,0.000,12.005,0.000,122.958,0.000,0.038,13.869,22.428,0.000,51.057,122.977,171.112,0.038,13.296,22.231,0.286,50.641,0.000,0.000,0.000,0.000,0.000,0.000,0.000,29.000,2.000,2024.000,9.000,9.000,52.000
9.000,419.060,1007.823,12.820,1.228,982.168,40.000,455512.523,0.000,0.000,0.000,0.000,12.005,0.000,123.009,0.000,0.040,13.591,22.438,0.000,51.089,123.046,173.055,0.040,13.356,22.239,0.695,50.623,0.000,0.000,0.000,0.000,0.000,0.000,0.000,29.000,2.000,2024.000,9.000,9.000,52.000
9.000,419.057,1007.825,12.820,1.228,982.161,40.000,455511.332,0.000,0.000,0.000,0.000,12.005,0.000,123.091,0.000,0.068,14.878,22.440,0.000,50.959,123.026,171.842,0.063,13.269,22.240,1.017,50.634,0.000,0.000,0.000,0.000,0.000,0.000,0.000,29.000,2.000,2024.000,9.000,9.000,52.000
9.000,419.057,1007.825,12.820,1.228,982.161,40.000,455511.332,0.000,0.000,0.000,0.000,12.005,0.000,123.007,0.000,0.090,12.276,22.439,0.000,50.984,123.063,171.043,0.031,18.199,22.243,0.832,50.613,0.000,0.000,0.000,0.000,0.000,0.000,0.000,29.000,2.000,2024.000,9.000,9.000,52.000
9.000,419.035,1007.823,12.820,1.228,982.109,39.999,455498.830,0.000,0.000,0.000,0.000,12.005,0.000,123.008,0.000,0.039,11.540,22.439,0.000,51.082,123.079,174.624,0.055,13.203,22.244,0.992,50.592,0.000,0.000,0.000,0.000,0.000,0.000,0.000,29.000,2.000,2024.000,9.000,9.000,52.000
9.000,419.035,1007.823,12.820,1.228,982.109,39.999,455498.830,0.000,0.000,0.000,0.000,12.005,0.000,123.086,0.000,0.039,13.285,22.449,0.000,51.019,122.975,173.675,0.039,14.616,22.248,1.402,50.665,0.000,0.000,0.000,0.000,0.000,0.000,0.000,29.000,2.000,2024.000,9.000,9.000,52.000
9.000,419.011,1007.822,12.820,1.228,982.053,39.997,455485.459,0.000,0.000,0.000,0.000,12.005,0.000,123.022,0.000,0.044,10.302,22.455,0.000,51.015,123.014,171.114,0.036,12.576,22.250,0.121,50.669,0.000,0.000,0.000,0.000,0.000,0.000,0.000,29.000,2.000,2024.000,9.000,9.000,52.000
9.000,419.011,1007.822,12.820,1.228,982.053,39.997,455485.459,0.000,0.000,0.000,0.000,12.005,0.000,122.999,0.000,0.026,8.622,22.460,0.000,51.015,123.061,172.691,0.070,10.929,22.254,0.826,50.532,0.000,0.000,0.000,0.000,0.000,0.000,0.000,29.000,2.000,2024.000,9.000,9.000,52.000
9.000,418.947,1007.823,12.820,1.228,981.902,39.994,455450.628,0.000,0.000,0.000,0.000,12.005,0.000,123.021,0.000,0.047,10.335,22.464,0.000,51.036,122.981,172.455,0.035,10.340,22.258,0.463,50.665,0.000,0.000,0.000,0.000,0.000,0.000,0.000,29.000,2.000,2024.000,9.000,9.000,53.000
9.000,418.947,1007.823,12.820,1.228,981.902,39.994,455450.628,0.000,0.000,0.000,0.000,12.005,0.000,123.090,0.000,0.081,10.329,22.456,0.000,51.071,123.039,171.689,0.044,10.024,22.268,0.430,50.578,0.000,0.000,0.000,0.000,0.000,0.000,0.000,29.000,2.000,2024.000,9.000,9.000,53.000
9.000,418.947,1007.823,12.820,1.228,981.902,39.994,455450.628,0.000,0.000,0.000,0.000,12.005,0.000,123.069,0.000,0.101,9.337,22.445,0.000,51.064,123.079,170.659,0.102,10.531,22.282,0.489,50.522,0.000,0.000,0.000,0.000,0.000,0.000,0.000,29.000,2.000,2024.000,9.000,9.000,53.000
9.000,418.895,1007.822,12.820,1.228,981.779,39.992,455421.917,0.000,0.000,0.000,0.000,12.005,0.000,122.948,0.000,0.071,11.333,22.456,0.000,51.057,123.008,171.905,0.062,10.776,22.283,1.097,50.665,0.000,0.000,0.000,0.000,0.000,0.000,0.000,29.000,2.000,2024.000,9.000,9.000,53.000
9.000,418.895,1007.822,12.820,1.228,981.779,39.992,455421.917,0.000,0.000,0.000,0.000,12.005,0.000,123.066,0.000,0.062,10.853,22.481,0.000,51.036,123.029,172.961,0.054,10.018,22.283,0.598,50.665,0.000,0.000,0.000,0.000,0.000,0.000,0.000,29.000,2.000,2024.000,9.000,9.000,53.000
9.000,418.882,1007.822,12.820,1.228,981.748,39.991,455414.796,0.000,0.000,0.000,0.000,12.005,0.000,122.998,0.000,0.071,10.575,22.481,0.000,51.106,123.039,172.443,0.047,10.689,22.285,0.975,50.662,0.000,0.000,0.000,0.000,0.000,0.000,0.000,29.000,2.000,2024.000,9.000,9.000,53.000
9.000,418.882,1007.822,12.820,1.228,981.748,39.991,455414.796,0.000,0.000,0.000,0.000,12.005,0.000,123.092,0.000,0.046,10.062,22.482,0.000,51.008,122.997,171.637,0.042,9.538,22.292,0.992,50.669,0.000,0.000,0.000,0.000,0.000,0.000,0.000,29.000,2.000,2024.000,9.000,9.000,53.000
9.000,418.860,1007.822,12.820,1.228,981.696,39.990,455402.744,0.000,0.000,0.000,0.000,12.005,0.000,123.183,0.000,0.060,10.602,22.484,0.000,50.970,123.050,167.926,0.058,10.062,22.292,1.369,50.630,0.000,0.000,0.000,0.000,0.000,0.000,0.000,29.000,2.000,2024.000,9.000,9.000,53.000
9.000,418.860,1007.822,12.820,1.228,981.696,39.990,455402.744,0.000,0.000,0.000,0.000,12.005,0.000,123.049,0.000,0.055,9.053,22.500,0.000,50.973,123.007,163.469,0.090,9.860,22.294,0.514,50.532,0.000,0.000,0.000,0.000,0.000,0.000,0.000,29.000,2.000,2024.000,9.000,9.000,53.000
9.000,418.780,1007.824,12.820,1.228,981.507,39.986,455359.367,0.000,0.000,0.000,0.000,12.005,0.000,122.982,0.000,0.089,9.118,22.500,0.000,50.984,123.064,164.415,0.068,9.795,22.294,0.727,50.550,0.000,0.000,0.000,0.000,0.000,0.000,0.000,29.000,2.000,2024.000,9.000,9.000,53.000
9.000,418.780,1007.824,12.820,1.228,981.507,39.986,455359.367,0.000,0.000,0.000,0.000,12.005,0.000,122.976,0.000,0.094,9.942,22.494,0.000,51.134,123.002,165.819,0.075,12.445,22.311,0.734,50.676,0.000,0.000,0.000,0.000,0.000,0.000,0.000,29.000,2.000,2024.000,9.000,9.000,54.000
9.000,418.738,1007.821,12.820,1.228,981.408,39.984,455335.677,0.000,0.000,0.000,0.000,12.005,0.000,122.951,0.000,0.084,11.098,22.494,0.000,51.183,123.048,169.463,0.052,13.280,22.311,0.801,50.630,0.000,0.000,0.000,0.000,0.000,0.000,0.000,29.000,2.000,2024.000,9.000,9.000,54.000
9.000,418.738,1007.821,12.820,1.228,981.408,39.984,455335.677,0.000,0.000,0.000,0.000,12.005,0.000,123.033,0.000,0.087,12.047,22.495,0.000,51.064,123.008,170.515,0.058,13.323,22.310,0.362,50.728,0.000,0.000,0.000,0.000,0.000,0.000,0.000,29.000,2.000,2024.000,9.000,9.000,54.000
9.000,418.693,1007.824,12.820,1.228,981.302,39.982,455311.698,0.000,0.000,0.000,0.000,12.005,0.000,122.994,0.000,0.082,13.023,22.495,0.000,51.001,123.025,169.777,0.039,15.652,22.310,0.542,50.658,0.000,0.000,0.000,0.000,0.000,0.000,0.000,29.000,2.000,2024.000,9.000,9.000,54.000
9.000,418.693,1007.824,12.820,1.228,981.302,39.982,455311.698,0.000,0.000,0.000,0.000,12.005,0.000,123.043,0.000,0.037,13.547,22.501,0.000,51.106,123.001,170.838,0.050,14.190,22.327,0.610,50.627,0.000,0.000,0.000,0.000,0.000,0.000,0.000,29.000,2.000,2024.000,9.000,9.000,54.000
9.000,418.620,1007.822,12.820,1.228,981.129,39.979,455271.246,0.000,0.000,0.000,0.000,12.005,0.000,123.047,0.000,0.062,15.139,22.502,0.000,50.970,123.019,168.724,0.026,18.253,22.331,0.419,50.648,0.000,0.000,0.000,0.000,0.000,0.000,0.000,29.000,2.000,2024.000,9.000,9.000,54.000
9.000,418.620,1007.822,12.820,1.228,981.129,39.979,455271.246,0.000,0.000,0.000,0.000,12.005,0.000,123.058,0.000,0.089,12.762,22.513,0.000,50.970,122.987,167.758,0.051,12.843,22.330,1.193,50.665,0.000,0.000,0.000,0.000,0.000,0.000,0.000,29.000,2.000,2024.000,9.000,9.000,54.000
9.000,418.603,1007.823,12.820,1.228,981.089,39.978,455262.156,0.000,0.000,0.000,0.000,12.005,0.000,123.044,0.000,0.052,14.447,22.518,0.000,51.008,123.155,167.939,0.065,11.158,22.330,1.384,50.543,0.000,0.000,0.000,0.000,0.000,0.000,0.000,29.000,2.000,2024.000,9.000,9.000,54.000
9.000,418.603,1007.823,12.820,1.228,981.089,39.978,455262.156,0.000,0.000,0.000,0.000,12.005,0.000,123.044,0.000,0.053,13.323,22.523,0.000,51.103,122.975,169.370,0.073,16.508,22.314,0.794,50.637,0.000,0.000,0.000,0.000,0.000,0.000,0.000,29.000,2.000,2024.000,9.000,9.000,54.000
9.000,418.603,1007.823,12.820,1.228,981.089,39.978,455262.156,0.000,0.000,0.000,0.000,12.005,0.000,123.024,0.000,0.058,10.073,22.527,0.000,51.012,123.050,167.902,0.037,12.069,22.303,0.444,50.637,0.000,0.000,0.000,0.000,0.000,0.000,0.000,29.000,2.000,2024.000,9.000,9.000,54.000
9.000,418.594,1007.824,12.820,1.228,981.068,39.977,455257.449,0.000,0.000,0.000,0.000,12.005,0.000,122.981,0.000,0.051,15.352,22.537,0.000,51.022,123.034,169.690,0.073,9.920,22.315,0.622,50.606,0.000,0.000,0.000,0.000,0.000,0.000,0.000,29.000,2.000,2024.000,9.000,9.000,55.000
9.000,418.594,1007.824,12.820,1.228,981.068,39.977,455257.449,0.000,0.000,0.000,0.000,12.005,0.000,122.968,0.000,0.056,9.833,22.548,0.000,51.176,123.051,172.263,0.070,11.371,22.326,0.852,50.651,0.000,0.000,0.000,0.000,0.000,0.000,0.000,29.000,2.000,2024.000,9.000,9.000,55.000
9.000,418.607,1007.824,12.820,1.228,981.099,39.978,455264.573,0.000,0.000,0.000,0.000,12.005,0.000,123.014,0.000,0.083,10.002,22.536,0.000,51.040,123.029,173.592,0.064,10.367,22.334,0.292,50.620,0.000,0.000,0.000,0.000,0.000,0.000,0.000,29.000,2.000,2024.000,9.000,9.000,55.000
9.000,418.607,1007.824,12.820,1.228,981.099,39.978,455264.573,0.000,0.000,0.000,0.000,12.005,0.000,123.034,0.000,0.077,10.995,22.519,0.000,51.033,123.032,174.630,0.062,10.460,22.346,0.376,50.571,0.000,0.000,0.000,0.000,0.000,0.000,0.000,29.000,2.000,2024.000,9.000,9.000,55.000
9.000,418.600,1007.827,12.840,1.228,981.082,39.979,455220.710,0.000,0.000,0.000,0.000,12.005,0.000,123.059,0.000,0.068,10.924,22.528,0.000,51.068,122.980,172.617,0.050,10.209,22.343,0.844,50.602,0.000,0.000,0.000,0.000,0.000,0.000,0.000,29.000,2.000,2024.000,9.000,9.000,55.000
9.000,418.600,1007.827,12.840,1.228,981.082,39.979,455220.710,0.000,0.000,0.000,0.000,12.005,0.000,123.064,0.000,0.058,10.951,22.550,0.000,51.005,123.046,170.955,0.034,9.822,22.337,0.291,50.662,0.000,0.000,0.000,0.000,0.000,0.000,0.000,29.000,2.000,2024.000,9.000,9.000,55.000
9.000,418.548,1007.826,12.840,1.228,980.959,39.976,455191.990,0.000,0.000,0.000,0.000,12.005,0.000,123.025,0.000,0.098,11.540,22.548,0.000,50.970,122.969,170.996,0.047,10.433,22.339,0.965,50.606,0.000,0.000,0.000,0.000,0.000,0.000,0.000,29.000,2.000,2024.000,9.000,9.000,55.000
9.000,418.548,1007.826,12.840,1.228,980.959,39.976,455191.990,0.000,0.000,0.000,0.000,12.005,0.000,123.090,0.000,0.048,11.027,22.540,0.000,51.050,123.001,167.315,0.072,9.811,22.346,0.865,50.700,0.000,0.000,0.000,0.000,0.000,0.000,0.000,29.000,2.000,2024.000,9.000,9.000,55.000
9.000,418.530,1007.824,12.820,1.228,980.917,39.974,455222.376,0.000,0.000,0.000,0.000,12.005,0.000,123.064,0.000,0.071,10.302,22.541,0.000,50.998,123.118,166.490,0.020,9.746,22.347,0.788,50.571,0.000,0.000,0.000,0.000,0.000,0.000,0.000,29.000,2.000,2024.000,9.000,9.000,55.000
9.000,418.530,1007.824,12.820,1.228,980.917,39.974,455222.376,0.000,0.000,0.000,0.000,12.005,0.000,123.070,0.000,0.097,9.555,22.554,0.000,50.973,123.045,166.767,0.076,9.075,22.360,0.846,50.592,0.000,0.000,0.000,0.000,0.000,0.000,0.000,29.000,2.000,2024.000,9.000,9.000,55.000
9.000,418.576,1007.824,12.820,1.228,981.025,39.976,455247.585,0.000,0.000,0.000,0.000,12.005,0.000,122.945,0.000,0.052,10.013,22.554,0.000,51.092,123.040,168.236,0.058,9.653,22.360,1.096,50.574,0.000,0.000,0.000,0.000,0.000,0.000,0.000,29.000,2.000,2024.000,9.000,9.000,56.000
9.000,418.576,1007.824,12.820,1.228,981.025,39.976,455247.585,0.000,0.000,0.000,0.000,12.005,0.000,123.067,0.000,0.059,9.800,22.561,0.000,51.078,123.025,170.099,0.027,11.333,22.374,0.735,50.620,0.000,0.000,0.000,0.000,0.000,0.000,0.000,29.000,2.000,2024.000,9.000,9.000,56.000
9.000,418.576,1007.824,12.820,1.228,981.025,39.976,455247.585,0.000,0.000,0.000,0.000,12.005,0.000,123.050,0.000,0.059,10.400,22.561,0.000,51.061,123.035,168.917,0.049,11.409,22.374,0.398,50.546,0.000,0.000,0.000,0.000,0.000,0.000,0.000,29.000,2.000,2024.000,9.000,9.000,56.000
9.000,418.583,1007.826,12.840,1.228,981.042,39.978,455211.169,0.000,0.000,0.000,0.000,12.005,0.000,123.039,0.000,0.075,11.600,22.575,0.000,50.970,123.057,168.277,0.063,12.511,22.379,0.382,50.609,0.000,0.000,0.000,0.000,0.000,0.000,0.000,29.000,2.000,2024.000,9.000,9.000,56.000
9.000,418.583,1007.826,12.840,1.228,981.042,39.978,455211.169,0.000,0.000,0.000,0.000,12.005,0.000,122.990,0.000,0.083,12.020,22.577,0.000,51.064,123.027,170.785,0.049,12.843,22.379,0.775,50.588,0.000,0.000,0.000,0.000,0.000,0.000,0.000,29.000,2.000,2024.000,9.000,9.000,56.000
9.000,418.557,1007.825,12.820,1.228,980.980,39.975,455237.399,0.000,0.000,0.000,0.000,12.005,0.000,123.002,0.000,0.053,11.900,22.594,0.000,50.952,123.031,170.960,0.027,11.207,22.402,0.245,50.655,0.000,0.000,0.000,0.000,0.000,0.000,0.000,29.000,2.000,2024.000,9.000,9.000,56.000
9.000,418.557,1007.825,12.820,1.228,980.980,39.975,455237.399,0.000,0.000,0.000,0.000,12.005,0.000,123.000,0.000,0.077,15.805,22.598,0.000,51.012,123.046,172.358,0.056,13.176,22.408,0.340,50.658,0.000,0.000,0.000,0.000,0.000,0.000,0.000,29.000,2.000,2024.000,9.000,9.000,56.000
9.000,418.594,1007.828,12.820,1.228,981.068,39.977,455258.353,0.000,0.000,0.000,0.000,12.005,0.000,122.987,0.000,0.015,13.105,22.582,0.000,51.001,122.993,173.367,0.047,13.307,22.394,0.119,50.641,0.000,0.000,0.000,0.000,0.000,0.000,0.000,29.000,2.000,2024.000,9.000,9.000,56.000
9.000,418.594,1007.828,12.820,1.228,981.068,39.977,455258.353,0.000,0.000,0.000,0.000,12.005,0.000,123.040,0.000,0.070,14.899,22.575,0.000,51.117,123.027,173.198,0.067,11.382,22.389,0.287,50.609,0.000,0.000,0.000,0.000,0.000,0.000,0.000,29.000,2.000,2024.000,9.000,9.000,56.000
9.000,418.597,1007.828,12.840,1.228,981.075,39.979,455219.292,0.000,0.000,0.000,0.000,12.005,0.000,123.028,0.000,0.056,11.818,22.582,0.000,51.141,122.973,171.120,0.070,16.203,22.392,0.667,50.620,0.000,0.000,0.000,0.000,0.000,0.000,0.000,29.000,2.000,2024.000,9.000,9.000,56.000
9.000,418.597,1007.828,12.840,1.228,981.075,39.979,455219.292,0.000,0.000,0.000,0.000,12.005,0.000,123.031,0.000,0.054,10.487,22.587,0.000,51.089,123.048,171.479,0.049,10.035,22.394,0.394,50.609,0.000,0.000,0.000,0.000,0.000,0.000,0.000,29.000,2.000,2024.000,9.000,9.000,57.000
9.000,418.574,1007.831,12.820,1.228,981.021,39.976,455248.070,0.000,0.000,0.000,0.000,12.005,0.000,123.080,0.000,0.063,10.744,22.574,0.000,51.075,123.020,171.554,0.077,13.198,22.407,0.706,50.658,0.000,0.000,0.000,0.000,0.000,0.000,0.000,29.000,2.000,2024.000,9.000,9.000,57.000
9.000,418.574,1007.831,12.820,1.228,981.021,39.976,455248.070,0.000,0.000,0.000,0.000,12.005,0.000,123.041,0.000,0.053,9.102,22.560,0.000,50.984,123.081,170.225,0.060,10.253,22.419,0.730,50.672,0.000,0.000,0.000,0.000,0.000,0.000,0.000,29.000,2.000,2024.000,9.000,9.000,57.000
9.000,418.595,1007.832,12.820,1.228,981.070,39.977,455259.804,0.000,0.000,0.000,0.000,12.005,0.000,123.078,0.000,0.056,10.444,22.580,0.000,51.047,123.042,170.951,0.029,10.389,22.416,0.707,50.627,0.000,0.000,0.000,0.000,0.000,0.000,0.000,29.000,2.000,2024.000,9.000,9.000,57.000
9.000,418.595,1007.832,12.820,1.228,981.070,39.977,455259.804,0.000,0.000,0.000,0.000,12.005,0.000,123.073,0.000,0.068,10.340,22.612,0.000,51.057,123.035,169.444,0.066,10.291,22.412,0.491,50.648,0.000,0.000,0.000,0.000,0.000,0.000,0.000,29.000,2.000,2024.000,9.000,9.000,57.000
9.000,418.595,1007.832,12.820,1.228,981.070,39.977,455259.804,0.000,0.000,0.000,0.000,12.005,0.000,123.002,0.000,0.100,10.727,22.602,0.000,50.984,123.040,169.697,0.027,9.593,22.414,0.825,50.592,0.000,0.000,0.000,0.000,0.000,0.000,0.000,29.000,2.000,2024.000,9.000,9.000,57.000
9.000,418.572,1007.833,12.840,1.228,981.016,39.977,455206.723,0.000,0.000,0.000,0.000,12.005,0.000,123.067,0.000,0.057,11.060,22.578,0.000,50.928,123.040,169.572,0.070,10.515,22.418,0.368,50.620,0.000,0.000,0.000,0.000,0.000,0.000,0.000,29.000,2.000,2024.000,9.000,9.000,57.000
9.000,418.572,1007.833,12.840,1.228,981.016,39.977,455206.723,0.000,0.000,0.000,0.000,12.005,0.000,122.989,0.000,0.098,10.585,22.586,0.000,50.991,123.026,169.651,0.083,9.249,22.419,0.680,50.511,0.000,0.000,0.000,0.000,0.000,0.000,0.000,29.000,2.000,2024.000,9.000,9.000,57.000
9.000,418.600,1007.832,12.820,1.228,981.082,39.977,455262.544,0.000,0.000,0.000,0.000,12.005,0.000,122.934,0.000,0.051,10.357,22.618,0.000,50.987,123.023,171.013,0.072,9.828,22.422,1.211,50.634,0.000,0.000,0.000,0.000,0.000,0.000,0.000,29.000,2.000,2024.000,9.000,9.000,57.000
9.000,418.600,1007.832,12.820,1.228,981.082,39.977,455262.544,0.000,0.000,0.000,0.000,12.005,0.000,123.009,0.000,0.083,10.760,22.618,0.000,51.148,122.988,173.842,0.074,10.100,22.425,0.750,50.564,0.000,0.000,0.000,0.000,0.000,0.000,0.000,29.000,2.000,2024.000,9.000,9.000,57.000
9.000,418.630,1007.830,12.820,1.228,981.153,39.979,455278.532,0.000,0.000,0.000,0.000,12.005,0.000,122.994,0.000,0.042,10.133,22.615,0.000,51.092,123.077,173.903,0.081,10.166,22.448,1.195,50.651,0.000,0.000,0.000,0.000,0.000,0.000,0.000,29.000,2.000,2024.000,9.000,9.000,58.000
9.000,418.630,1007.830,12.820,1.228,981.153,39.979,455278.532,0.000,0.000,0.000,0.000,12.005,0.000,123.049,0.000,0.096,9.838,22.615,0.000,51.085,123.045,175.988,0.044,11.038,22.448,0.557,50.630,0.000,0.000,0.000,0.000,0.000,0.000,0.000,29.000,2.000,2024.000,9.000,9.000,58.000
9.000,418.667,1007.828,12.840,1.228,981.240,39.982,455257.647,0.000,0.000,0.000,0.000,12.005,0.000,123.174,0.000,0.030,9.615,22.635,0.000,50.970,123.058,173.286,0.059,9.795,22.432,1.316,50.641,0.000,0.000,0.000,0.000,0.000,0.000,0.000,29.000,2.000,2024.000,9.000,9.000,58.000
9.000,418.667,1007.828,12.840,1.228,981.240,39.982,455257.647,0.000,0.000,0.000,0.000,12.005,0.000,123.162,0.000,0.049,10.335,22.635,0.000,50.973,123.005,168.354,0.027,11.916,22.432,1.871,50.620,0.000,0.000,0.000,0.000,0.000,0.000,0.000,29.000,2.000,2024.000,9.000,9.000,58.000
9.000,418.645,1007.824,12.840,1.228,981.188,39.981,455244.690,0.000,0.000,0.000,0.000,12.005,0.000,123.150,0.000,0.064,9.800,22.625,0.000,50.980,123.047,164.639,0.087,12.500,22.446,1.240,50.613,0.000,0.000,0.000,0.000,0.000,0.000,0.000,29.000,2.000,2024.000,9.000,9.000,58.000
9.000,418.645,1007.824,12.840,1.228,981.188,39.981,455244.690,0.000,0.000,0.000,0.000,12.005,0.000,123.140,0.000,0.072,10.357,22.624,0.000,50.994,123.012,159.181,0.068,12.342,22.448,1.430,50.539,0.000,0.000,0.000,0.000,0.000,0.000,0.000,29.000,2.000,2024.000,9.000,9.000,58.000
9.000,418.604,1007.824,12.840,1.228,981.091,39.979,455222.225,0.000,0.000,0.000,0.000,12.005,0.000,123.148,0.000,0.068,10.995,22.627,0.000,51.005,123.013,155.357,0.068,13.858,22.458,1.575,50.560,0.000,0.000,0.000,0.000,0.000,0.000,0.000,29.000,2.000,2024.000,9.000,9.000,58.000
9.000,418.604,1007.824,12.840,1.228,981.091,39.979,455222.225,0.000,0.000,0.000,0.000,12.005,0.000,123.135,0.000,0.078,9.653,22.627,0.000,50.952,123.050,151.446,0.059,14.305,22.461,0.835,50.557,0.000,0.000,0.000,0.000,0.000,0.000,0.000,29.000,2.000,2024.000,9.000,9.000,58.000
9.000,418.564,1007.824,12.840,1.228,980.997,39.977,455200.306,0.000,0.000,0.000,0.000,12.005,0.000,123.166,0.000,0.070,11.584,22.651,0.000,50.893,123.026,146.327,0.050,12.358,22.468,1.407,50.686,0.000,0.000,0.000,0.000,0.000,0.000,0.000,29.000,2.000,2024.000,9.000,9.000,58.000
9.000,418.564,1007.824,12.840,1.228,980.997,39.977,455200.306,0.000,0.000,0.000,0.000,12.005,0.000,123.080,0.000,0.040,11.480,22.661,0.000,50.938,123.057,144.477,0.047,14.289,22.472,0.161,50.630,0.000,0.000,0.000,0.000,0.000,0.000,0.000,29.000,2.000,2024.000,9.000,9.000,58.000
9.000,418.564,1007.824,12.840,1.228,980.997,39.977,455200.306,0.000,0.000,0.000,0.000,12.005,0.000,122.974,0.000,0.064,11.540,22.673,0.000,50.928,123.024,144.980,0.063,14.229,22.475,0.586,50.704,0.000,0.000,0.000,0.000,0.000,0.000,0.000,29.000,2.000,2024.000,9.000,9.000,59.000
9.000,418.521,1007.826,12.840,1.228,980.895,39.975,455177.195,0.000,0.000,0.000,0.000,12.005,0.000,122.939,0.000,0.030,15.739,22.681,0.000,51.012,123.050,148.016,0.036,11.115,22.477,1.040,50.623,0.000,0.000,0.000,0.000,0.000,0.000,0.000,29.000,2.000,2024.000,9.000,9.000,59.000
9.000,418.521,1007.826,12.840,1.228,980.895,39.975,455177.195,0.000,0.000,0.000,0.000,12.005,0.000,123.001,0.000,0.071,12.554,22.680,0.000,50.921,123.112,152.683,0.040,14.578,22.478,1.131,50.571,0.000,0.000,0.000,0.000,0.000,0.000,0.000,29.000,2.000,2024.000,9.000,9.000,59.000
9.000,418.492,1007.823,12.840,1.228,980.827,39.974,455160.625,0.000,0.000,0.000,0.000,12.005,0.000,123.026,0.000,0.041,15.472,22.679,0.000,50.970,123.040,154.529,0.044,9.882,22.479,0.327,50.581,0.000,0.000,0.000,0.000,0.000,0.000,0.000,29.000,2.000,2024.000,9.000,9.000,59.000
9.000,418.492,1007.823,12.840,1.228,980.827,39.974,455160.625,0.000,0.000,0.000,0.000,12.005,0.000,123.031,0.000,0.071,13.689,22.672,0.000,51.134,122.981,153.617,0.043,13.372,22.490,0.437,50.595,0.000,0.000,0.000,0.000,0.000,0.000,0.000,29.000,2.000,2024.000,9.000,9.000,59.000
9.000,418.497,1007.825,12.840,1.228,980.839,39.974,455163.817,0.000,0.000,0.000,0.000,12.005,0.000,122.971,0.000,0.058,10.744,22.661,0.000,51.040,122.982,153.242,0.065,10.138,22.506,0.177,50.679,0.000,0.000,0.000,0.000,0.000,0.000,0.000,29.000,2.000,2024.000,9.000,9.000,59.000
9.000,418.497,1007.825,12.840,1.228,980.839,39.974,455163.817,0.000,0.000,0.000,0.000,12.005,0.000,122.990,0.000,0.079,10.302,22.670,0.000,51.015,123.082,155.436,0.065,10.787,22.507,1.090,50.543,0.000,0.000,0.000,0.000,0.000,0.000,0.000,29.000,2.000,2024.000,9.000,9.000,59.000
9.000,418.562,1007.823,12.840,1.228,980.992,39.977,455198.985,0.000,0.000,0.000,0.000,12.005,0.000,123.033,0.000,0.051,9.631,22.689,0.000,51.029,122.965,155.331,0.034,10.351,22.508,0.858,50.662,0.000,0.000,0.000,0.000,0.000,0.000,0.000,29.000,2.000,2024.000,9.000,9.000,59.000
9.000,418.562,1007.823,12.840,1.228,980.992,39.977,455198.985,0.000,0.000,0.000,0.000,12.005,0.000,123.010,0.000,0.050,9.806,22.685,0.000,51.005,123.010,155.144,0.029,10.024,22.507,0.371,50.627,0.000,0.000,0.000,0.000,0.000,0.000,0.000,29.000,2.000,2024.000,9.000,9.000,59.000
9.000,418.626,1007.825,12.840,1.228,981.143,39.980,455234.505,0.000,0.000,0.000,0.000,12.005,0.000,122.944,0.000,0.056,11.082,22.669,0.000,50.966,123.068,156.942,0.035,10.640,22.504,1.562,50.623,0.000,0.000,0.000,0.000,0.000,0.000,0.000,29.000,2.000,2024.000,9.000,9.000,59.000
9.000,418.626,1007.825,12.840,1.228,981.143,39.980,455234.505,0.000,0.000,0.000,0.000,12.005,0.000,123.023,0.000,0.029,11.169,22.671,0.000,51.015,123.048,159.516,0.038,9.893,22.504,0.342,50.616,0.000,0.000,0.000,0.000,0.000,0.000,0.000,29.000,2.000,2024.000,9.000,10.000,0.000
9.000,418.643,1007.826,12.840,1.228,981.184,39.981,455244.046,0.000,0.000,0.000,0.000,12.005,0.000,122.974,0.000,0.059,9.457,22.696,0.000,51.022,123.079,162.091,0.022,9.604,22.508,1.246,50.592,0.000,0.000,0.000,0.000,0.000,0.000,0.000,29.000,2.000,2024.000,9.000,10.000,0.000
9.000,418.643,1007.826,12.840,1.228,981.184,39.981,455244.046,0.000,0.000,0.000,0.000,12.005,0.000,122.989,0.000,0.099,10.662,22.696,0.000,51.036,123.044,165.400,0.064,9.555,22.508,0.603,50.522,0.000,0.000,0.000,0.000,0.000,0.000,0.000,29.000,2.000,2024.000,9.000,10.000,0.000
9.000,418.643,1007.826,12.840,1.228,981.184,39.981,455244.046,0.000,0.000,0.000,0.000,12.005,0.000,123.019,0.000,0.074,9.424,22.694,0.000,51.075,122.981,165.158,0.038,10.973,22.517,0.426,50.686,0.000,0.000,0.000,0.000,0.000,0.000,0.000,29.000,2.000,2024.000,9.000,10.000,0.000
9.000,418.644,1007.826,12.840,1.228,981.186,39.981,455244.594,0.000,0.000,0.000,0.000,12.005,0.000,122.966,0.000,0.061,8.895,22.694,0.000,51.089,123.054,166.739,0.039,10.984,22.517,1.250,50.658,0.000,0.000,0.000,0.000,0.000,0.000,0.000,29.000,2.000,2024.000,9.000,10.000,0.000
9.000,418.644,1007.826,12.840,1.228,981.186,39.981,455244.594,0.000,0.000,0.000,0.000,12.005,0.000,123.121,0.000,0.058,9.702,22.696,0.000,50.910,123.041,166.101,0.045,11.393,22.515,0.924,50.644,0.000,0.000,0.000,0.000,0.000,0.000,0.000,29.000,2.000,2024.000,9.000,10.000,0.000
9.000,418.650,1007.827,12.840,1.228,981.200,39.981,455248.107,0.000,0.000,0.000,0.000,12.005,0.000,123.038,0.000,0.057,10.204,22.696,0.000,50.938,123.012,164.044,0.058,12.723,22.515,0.509,50.564,0.000,0.000,0.000,0.000,0.000,0.000,0.000,29.000,2.000,2024.000,9.000,10.000,0.000
9.000,418.650,1007.827,12.840,1.228,981.200,39.981,455248.107,0.000,0.000,0.000,0.000,12.005,0.000,122.998,0.000,0.048,10.084,22.696,0.000,50.991,123.070,164.721,0.073,13.209,22.521,0.946,50.522,0.000,0.000,0.000,0.000,0.000,0.000,0.000,29.000,2.000,2024.000,9.000,10.000,0.000
9.000,418.622,1007.825,12.840,1.228,981.134,39.980,455232.313,0.000,0.000,0.000,0.000,12.005,0.000,122.922,0.000,0.050,13.514,22.695,0.000,51.075,123.023,168.385,0.047,13.198,22.523,1.155,50.574,0.000,0.000,0.000,0.000,0.000,0.000,0.000,29.000,2.000,2024.000,9.000,10.000,0.000
9.000,418.622,1007.825,12.840,1.228,981.134,39.980,455232.313,0.000,0.000,0.000,0.000,12.005,0.000,123.063,0.000,0.084,15.652,22.712,0.000,51.096,123.015,169.699,0.043,13.667,22.537,0.934,50.606,0.000,0.000,0.000,0.000,0.000,0.000,0.000,29.000,2.000,2024.000,9.000,10.000,0.000
9.000,418.607,1007.826,12.840,1.228,981.099,39.979,455224.320,0.000,0.000,0.000,0.000,12.005,0.000,123.009,0.000,0.059,13.487,22.718,0.000,51.022,123.025,168.800,0.057,13.934,22.544,0.245,50.571,0.000,0.000,0.000,0.000,0.000,0.000,0.000,29.000,2.000,2024.000,9.000,10.000,1.000
9.000,418.607,1007.826,12.840,1.228,981.099,39.979,455224.320,0.000,0.000,0.000,0.000,12.005,0.000,123.026,0.000,0.084,14.965,22.724,0.000,51.085,123.022,169.489,0.018,11.540,22.547,0.416,50.630,0.000,0.000,0.000,0.000,0.000,0.000,0.000,29.000,2.000,2024.000,9.000,10.000,1.000
9.000,418.620,1007.825,12.840,1.228,981.129,39.980,455231.218,0.000,0.000,0.000,0.000,12.005,0.000,123.020,0.000,0.086,13.721,22.728,0.000,50.987,123.025,168.607,0.064,17.463,22.550,0.421,50.683,0.000,0.000,0.000,0.000,0.000,0.000,0.000,29.000,2.000,2024.000,9.000,10.000,1.000
9.000,418.620,1007.825,12.840,1.228,981.129,39.980,455231.218,0.000,0.000,0.000,0.000,12.005,0.000,123.012,0.000,0.046,13.269,22.736,0.000,50.956,123.034,170.316,0.071,16.666,22.551,0.433,50.644,0.000,0.000,0.000,0.000,0.000,0.000,0.000,29.000,2.000,2024.000,9.000,10.000,1.000
9.000,418.600,1007.826,12.840,1.228,981.082,39.979,455220.485,0.000,0.000,0.000,0.000,12.005,0.000,122.969,0.000,0.047,8.835,22.745,0.000,51.047,123.050,171.048,0.044,10.640,22.551,1.000,50.592,0.000,0.000,0.000,0.000,0.000,0.000,0.000,29.000,2.000,2024.000,9.000,10.000,1.000
9.000,418.600,1007.826,12.840,1.228,981.082,39.979,455220.485,0.000,0.000,0.000,0.000,12.005,0.000,123.033,0.000,0.080,9.615,22.736,0.000,51.008,123.022,172.269,0.086,10.160,22.555,0.833,50.550,0.000,0.000,0.000,0.000,0.000,0.000,0.000,29.000,2.000,2024.000,9.000,10.000,1.000
9.000,418.593,1007.824,12.840,1.228,981.065,39.979,455216.197,0.000,0.000,0.000,0.000,12.005,0.000,123.001,0.000,0.102,10.542,22.723,0.000,51.092,123.075,175.469,0.109,10.242,22.560,1.155,50.588,0.000,0.000,0.000,0.000,0.000,0.000,0.000,29.000,2.000,2024.000,9.000,10.000,1.000
9.000,418.593,1007.824,12.840,1.228,981.065,39.979,455216.197,0.000,0.000,0.000,0.000,12.005,0.000,123.049,0.000,0.036,10.722,22.731,0.000,51.082,123.013,174.860,0.055,10.346,22.570,0.635,50.592,0.000,0.000,0.000,0.000,0.000,0.000,0.000,29.000,2.000,2024.000,9.000,10.000,1.000
9.000,418.593,1007.824,12.840,1.228,981.065,39.979,455216.197,0.000,0.000,0.000,0.000,12.005,0.000,122.993,0.000,0.046,10.978,22.748,0.000,51.050,123.012,174.255,0.064,10.520,22.593,0.253,50.578,0.000,0.000,0.000,0.000,0.000,0.000,0.000,29.000,2.000,2024.000,9.000,10.000,1.000
9.000,418.596,1007.825,12.840,1.228,981.073,39.979,455218.067,0.000,0.000,0.000,0.000,12.005,0.000,123.031,0.000,0.044,11.916,22.752,0.000,51.050,123.062,176.009,0.036,11.202,22.591,0.648,50.581,0.000,0.000,0.000,0.000,0.000,0.000,0.000,29.000,2.000,2024.000,9.000,10.000,1.000
9.000,418.596,1007.825,12.840,1.228,981.073,39.979,455218.067,0.000,0.000,0.000,0.000,12.005,0.000,122.987,0.000,0.051,11.333,22.765,0.000,51.015,122.986,175.845,0.040,10.193,22.583,0.174,50.672,0.000,0.000,0.000,0.000,0.000,0.000,0.000,29.000,2.000,2024.000,9.000,10.000,2.000
9.000,418.620,1007.825,12.840,1.228,981.129,39.980,455231.218,0.000,0.000,0.000,0.000,12.005,0.000,123.082,0.000,0.044,10.733,22.766,0.000,51.033,123.057,175.025,0.066,10.422,22.584,0.686,50.602,0.000,0.000,0.000,0.000,0.000,0.000,0.000,29.000,2.000,2024.000,9.000,10.000,2.000
9.000,418.620,1007.825,12.840,1.228,981.129,39.980,455231.218,0.000,0.000,0.000,0.000,12.005,0.000,123.024,0.000,0.076,12.031,22.779,0.000,51.012,123.048,174.858,0.061,10.182,22.588,0.463,50.662,0.000,0.000,0.000,0.000,0.000,0.000,0.000,29.000,2.000,2024.000,9.000,10.000,2.000
9.000,418.636,1007.825,12.840,1.228,981.167,39.981,455239.984,0.000,0.000,0.000,0.000,12.005,0.000,123.148,0.000,0.077,10.127,22.779,0.000,51.064,122.990,172.352,0.065,9.937,22.588,1.819,50.672,0.000,0.000,0.000,0.000,0.000,0.000,0.000,29.000,2.000,2024.000,9.000,10.000,2.000
9.000,418.636,1007.825,12.840,1.228,981.167,39.981,455239.984,0.000,0.000,0.000,0.000,12.005,0.000,123.078,0.000,0.082,9.980,22.726,0.000,51.050,123.125,170.123,0.073,10.553,22.602,0.944,50.557,0.000,0.000,0.000,0.000,0.000,0.000,0.000,29.000,2.000,2024.000,9.000,10.000,2.000
9.000,418.637,1007.823,12.840,1.228,981.169,39.981,455240.081,0.000,0.000,0.000,0.000,12.005,0.000,122.999,0.000,0.087,9.435,22.726,0.000,50.945,123.015,171.914,0.045,10.411,22.602,0.594,50.602,0.000,0.000,0.000,0.000,0.000,0.000,0.000,29.000,2.000,2024.000,9.000,10.000,2.000
9.000,418.637,1007.823,12.840,1.228,981.169,39.981,455240.081,0.000,0.000,0.000,0.000,12.005,0.000,123.044,0.000,0.078,10.422,22.752,0.000,51.050,123.032,171.544,0.054,12.456,22.592,0.393,50.634,0.000,0.000,0.000,0.000,0.000,0.000,0.000,29.000,2.000,2024.000,9.000,10.000,2.000
9.000,418.684,1007.821,12.840,1.228,981.280,39.983,455265.381,0.000,0.000,0.000,0.000,12.005,0.000,123.051,0.000,0.085,9.997,22.755,0.000,50.980,122.957,170.039,0.051,13.312,22.591,1.102,50.693,0.000,0.000,0.000,0.000,0.000,0.000,0.000,29.000,2.000,2024.000,9.000,10.000,2.000
9.000,418.684,1007.821,12.840,1.228,981.280,39.983,455265.381,0.000,0.000,0.000,0.000,12.005,0.000,123.061,0.000,0.088,11.256,22.774,0.000,50.882,123.077,168.308,0.045,12.042,22.600,0.370,50.578,0.000,0.000,0.000,0.000,0.000,0.000,0.000,29.000,2.000,2024.000,9.000,10.000,2.000
9.000,418.716,1007.820,12.840,1.228,981.356,39.985,455282.687,0.000,0.000,0.000,0.000,12.005,0.000,122.966,0.000,0.053,12.042,22.779,0.000,51.015,123.010,169.961,0.043,15.636,22.603,0.517,50.595,0.000,0.000,0.000,0.000,0.000,0.000,0.000,29.000,2.000,2024.000,9.000,10.000,2.000
9.000,418.716,1007.820,12.840,1.228,981.356,39.985,455282.687,0.000,0.000,0.000,0.000,12.005,0.000,122.978,0.000,0.072,12.925,22.751,0.000,51.015,122.979,171.234,0.044,13.236,22.606,0.465,50.634,0.000,0.000,0.000,0.000,0.000,0.000,0.000,29.000,2.000,2024.000,9.000,10.000,3.000
9.000,418.722,1007.822,12.860,1.228,981.370,39.986,455245.723,0.000,0.000,0.000,0.000,12.005,0.000,122.995,0.000,0.120,14.327,22.740,0.000,50.959,122.990,169.689,0.038,12.494,22.608,0.923,50.613,0.000,0.000,0.000,0.000,0.000,0.000,0.000,29.000,2.000,2024.000,9.000,10.000,3.000
9.000,418.722,1007.822,12.860,1.228,981.370,39.986,455245.723,0.000,0.000,0.000,0.000,12.005,0.000,122.996,0.000,0.047,15.199,22.771,0.000,51.082,123.064,171.717,0.038,13.242,22.625,0.596,50.574,0.000,0.000,0.000,0.000,0.000,0.000,0.000,29.000,2.000,2024.000,9.000,10.000,3.000
9.000,418.722,1007.822,12.860,1.228,981.370,39.986,455245.723,0.000,0.000,0.000,0.000,12.005,0.000,123.066,0.000,0.057,12.854,22.791,0.000,51.075,123.012,171.665,0.044,13.111,22.637,0.616,50.609,0.000,0.000,0.000,0.000,0.000,0.000,0.000,29.000,2.000,2024.000,9.000,10.000,3.000
9.000,418.750,1007.825,12.860,1.228,981.436,39.988,455261.739,0.000,0.000,0.000,0.000,12.005,0.000,123.030,0.000,0.073,13.258,22.786,0.000,50.998,123.031,170.994,0.038,10.989,22.632,0.350,50.630,0.000,0.000,0.000,0.000,0.000,0.000,0.000,29.000,2.000,2024.000,9.000,10.000,3.000
9.000,418.750,1007.825,12.860,1.228,981.436,39.988,455261.739,0.000,0.000,0.000,0.000,12.005,0.000,123.096,0.000,0.131,9.031,22.780,0.000,51.082,123.070,170.308,0.061,10.695,22.626,0.519,50.637,0.000,0.000,0.000,0.000,0.000,0.000,0.000,29.000,2.000,2024.000,9.000,10.000,3.000
9.000,418.793,1007.825,12.860,1.228,981.538,39.990,455285.294,0.000,0.000,0.000,0.000,12.005,0.000,123.049,0.000,0.072,9.200,22.789,0.000,51.040,123.052,170.344,0.057,10.520,22.636,0.322,50.697,0.000,0.000,0.000,0.000,0.000,0.000,0.000,29.000,2.000,2024.000,9.000,10.000,3.000
9.000,418.793,1007.825,12.860,1.228,981.538,39.990,455285.294,0.000,0.000,0.000,0.000,12.005,0.000,122.936,0.000,0.058,9.915,22.801,0.000,51.085,123.046,172.843,0.052,11.900,22.651,1.403,50.634,0.000,0.000,0.000,0.000,0.000,0.000,0.000,29.000,2.000,2024.000,9.000,10.000,3.000
9.000,418.835,1007.825,12.840,1.228,981.637,39.990,455349.009,0.000,0.000,0.000,0.000,12.005,0.000,123.013,0.000,0.066,10.166,22.806,0.000,51.064,123.070,175.891,0.046,10.226,22.652,0.647,50.546,0.000,0.000,0.000,0.000,0.000,0.000,0.000,29.000,2.000,2024.000,9.000,10.000,3.000
9.000,418.835,1007.825,12.840,1.228,981.637,39.990,455349.009,0.000,0.000,0.000,0.000,12.005,0.000,123.020,0.000,0.074,11.774,22.816,0.000,51.068,123.009,176.756,0.037,10.722,22.653,0.236,50.574,0.000,0.000,0.000,0.000,0.000,0.000,0.000,29.000,2.000,2024.000,9.000,10.000,3.000
9.000,418.871,1007.825,12.840,1.228,981.722,39.992,455368.730,0.000,0.000,0.000,0.000,12.005,0.000,122.992,0.000,0.072,11.218,22.817,0.000,51.113,123.000,176.126,0.062,10.973,22.656,0.372,50.564,0.000,0.000,0.000,0.000,0.000,0.000,0.000,29.000,2.000,2024.000,9.000,10.000,4.000
9.000,418.871,1007.825,12.840,1.228,981.722,39.992,455368.730,0.000,0.000,0.000,0.000,12.005,0.000,123.022,0.000,0.042,10.771,22.819,0.000,51.015,123.000,176.036,0.055,10.607,22.667,0.356,50.711,0.000,0.000,0.000,0.000,0.000,0.000,0.000,29.000,2.000,2024.000,9.000,10.000,4.000
9.000,418.863,1007.826,12.840,1.228,981.703,39.992,455364.573,0.000,0.000,0.000,0.000,12.005,0.000,122.971,0.000,0.069,10.940,22.818,0.000,51.054,123.050,176.511,0.049,10.111,22.667,0.829,50.613,0.000,0.000,0.000,0.000,0.000,0.000,0.000,29.000,2.000,2024.000,9.000,10.000,4.000
9.000,418.863,1007.826,12.840,1.228,981.703,39.992,455364.573,0.000,0.000,0.000,0.000,12.005,0.000,123.071,0.000,0.075,9.277,22.808,0.000,51.075,123.058,124.817,0.066,10.526,22.674,70.439,50.620,0.000,0.000,0.000,0.000,0.000,0.000,0.000,29.000,2.000,2024.000,9.000,10.000,4.000
9.000,418.894,1007.826,12.840,1.228,981.776,39.993,455381.554,0.000,0.000,0.000,0.000,12.005,0.000,123.009,0.000,0.040,9.866,22.808,0.000,51.029,123.019,178.678,0.045,9.397,22.674,0.328,50.585,0.000,0.000,0.000,0.000,0.000,0.000,0.000,29.000,2.000,2024.000,9.000,10.000,4.000
9.000,418.894,1007.826,12.840,1.228,981.776,39.993,455381.554,0.000,0.000,0.000,0.000,12.005,0.000,123.042,0.000,0.058,10.155,22.829,0.000,51.012,123.075,70.761,0.044,10.155,22.672,136.077,50.599,0.000,0.000,0.000,0.000,0.000,0.000,0.000,29.000,2.000,2024.000,9.000,10.000,4.000
9.000,418.894,1007.826,12.840,1.228,981.776,39.993,455381.554,0.000,0.000,0.000,0.000,12.005,0.000,123.056,0.000,0.059,9.069,22.829,0.000,51.036,123.035,137.068,0.063,9.489,22.672,44.008,50.539,0.000,0.000,0.000,0.000,0.000,0.000,0.000,29.000,2.000,2024.000,9.000,10.000,4.000
9.000,418.872,1007.826,12.840,1.228,981.724,39.992,455369.503,0.000,0.000,0.000,0.000,12.005,0.000,123.043,0.000,0.075,10.722,22.827,0.000,50.987,123.042,110.755,0.044,10.765,22.677,70.189,50.623,0.000,0.000,0.000,0.000,0.000,0.000,0.000,29.000,2.000,2024.000,9.000,10.000,4.000
9.000,418.872,1007.826,12.840,1.228,981.724,39.992,455369.503,0.000,0.000,0.000,0.000,12.005,0.000,123.159,0.000,0.101,11.425,22.827,0.000,51.078,123.037,175.962,0.050,10.351,22.677,1.486,50.560,0.000,0.000,0.000,0.000,0.000,0.000,0.000,29.000,2.000,2024.000,9.000,10.000,4.000
9.000,418.837,1007.827,12.840,1.228,981.642,39.990,455350.557,0.000,0.000,0.000,0.000,12.005,0.000,123.068,0.000,0.062,12.347,22.830,0.000,50.945,123.008,173.681,0.067,13.138,22.674,0.894,50.564,0.000,0.000,0.000,0.000,0.000,0.000,0.000,29.000,2.000,2024.000,9.000,10.000,4.000
9.000,418.837,1007.827,12.840,1.228,981.642,39.990,455350.557,0.000,0.000,0.000,0.000,12.005,0.000,123.045,0.000,0.049,10.973,22.831,0.000,51.008,123.086,173.603,0.096,13.323,22.673,0.533,50.683,0.000,0.000,0.000,0.000,0.000,0.000,0.000,29.000,2.000,2024.000,9.000,10.000,5.000
9.000,418.797,1007.828,12.840,1.228,981.547,39.988,455328.870,0.000,0.000,0.000,0.000,12.005,0.000,122.943,0.000,0.057,15.592,22.830,0.000,51.005,123.032,175.120,0.056,12.980,22.681,1.046,50.634,0.000,0.000,0.000,0.000,0.000,0.000,0.000,29.000,2.000,2024.000,9.000,10.000,5.000
9.000,418.797,1007.828,12.840,1.228,981.547,39.988,455328.870,0.000,0.000,0.000,0.000,12.005,0.000,122.944,0.000,0.078,13.285,22.829,0.000,50.956,122.959,176.591,0.099,14.103,22.685,0.799,50.574,0.000,0.000,0.000,0.000,0.000,0.000,0.000,29.000,2.000,2024.000,9.000,10.000,5.000
