2.000,418.209,1007.838,13.320,1.226,980.159,39.993,454034.515,0.000,0.000,0.000,0.000,14.001,0.000,109.345,0.000,0.141,9.675,22.922,0.000,48.859,109.269,141.511,0.070,9.849,23.895,1.031,49.132,0.000,0.000,0.000,0.000,0.000,0.000,0.000,29.000,2.000,2024.000,9.000,17.000,5.000
2.000,418.160,1007.836,13.320,1.226,980.043,39.991,454007.260,0.000,0.000,0.000,0.000,14.001,0.000,109.357,0.000,0.106,6.125,22.935,0.000,48.575,109.345,139.120,0.042,8.104,23.890,0.386,49.142,0.000,0.000,0.000,0.000,0.000,0.000,0.000,29.000,2.000,2024.000,9.000,17.000,5.000
2.000,418.160,1007.836,13.320,1.226,980.043,39.991,454007.260,0.000,0.000,0.000,0.000,14.001,0.000,109.297,0.000,0.050,6.719,22.929,0.000,48.761,109.438,141.360,0.026,6.452,23.891,1.680,49.058,0.000,0.000,0.000,0.000,0.000,0.000,0.000,29.000,2.000,2024.000,9.000,17.000,5.000
2.000,418.135,1007.839,13.320,1.226,979.984,39.990,453994.259,0.000,0.000,0.000,0.000,14.001,0.000,109.403,0.000,0.135,5.803,22.915,0.000,48.596,109.453,144.490,0.046,5.775,23.893,0.667,48.988,0.000,0.000,0.000,0.000,0.000,0.000,0.000,29.000,2.000,2024.000,9.000,17.000,6.000
2.000,418.135,1007.839,13.320,1.226,979.984,39.990,453994.259,0.000,0.000,0.000,0.000,14.001,0.000,109.407,0.000,0.077,10.444,22.918,0.000,48.656,109.348,144.426,0.036,9.211,23.891,1.117,49.104,0.000,0.000,0.000,0.000,0.000,0.000,0.000,29.000,2.000,2024.000,9.000,17.000,6.000
2.000,418.152,1007.839,13.320,1.226,980.024,39.991,454003.559,0.000,0.000,0.000,0.000,14.001,0.000,109.287,0.000,0.127,7.412,22.928,0.000,48.894,109.372,146.583,0.087,7.401,23.881,0.895,49.097,0.000,0.000,0.000,0.000,0.000,0.000,0.000,29.000,2.000,2024.000,9.000,17.000,6.000
2.000,418.152,1007.839,13.320,1.226,980.024,39.991,454003.559,0.000,0.000,0.000,0.000,14.001,0.000,109.330,0.000,0.104,6.724,22.927,0.000,48.722,109.385,149.080,0.039,6.021,23.881,0.813,49.100,0.000,0.000,0.000,0.000,0.000,0.000,0.000,29.000,2.000,2024.000,9.000,17.000,6.000
2.000,418.152,1007.839,13.320,1.226,980.024,39.991,454003.559,0.000,0.000,0.000,0.000,14.001,0.000,109.378,0.000,0.134,7.777,22.918,0.000,48.796,109.307,149.130,0.056,5.852,23.882,1.541,49.107,0.000,0.000,0.000,0.000,0.000,0.000,0.000,29.000,2.000,2024.000,9.000,17.000,6.000
2.000,418.129,1007.839,13.320,1.226,979.970,39.990,453990.976,0.000,0.000,0.000,0.000,14.001,0.000,109.415,0.000,0.113,10.929,22.918,0.000,49.044,109.366,147.407,0.106,6.479,23.882,1.198,49.044,0.000,0.000,0.000,0.000,0.000,0.000,0.000,29.000,2.000,2024.000,9.000,17.000,6.000
2.000,418.129,1007.839,13.320,1.226,979.970,39.990,453990.976,0.000,0.000,0.000,0.000,14.001,0.000,109.447,0.000,0.114,9.735,22.917,0.000,48.614,109.377,141.344,0.120,10.046,23.893,0.977,49.037,0.000,0.000,0.000,0.000,0.000,0.000,0.000,29.000,2.000,2024.000,9.000,17.000,6.000
2.000,418.097,1007.837,13.320,1.226,979.894,39.988,453973.019,0.000,0.000,0.000,0.000,14.001,0.000,109.302,0.000,0.064,7.695,22.917,0.000,48.638,109.328,142.428,0.073,10.656,23.893,0.906,49.037,0.000,0.000,0.000,0.000,0.000,0.000,0.000,29.000,2.000,2024.000,9.000,17.000,6.000
2.000,418.097,1007.837,13.320,1.226,979.894,39.988,453973.019,0.000,0.000,0.000,0.000,14.001,0.000,109.319,0.000,0.135,6.523,22.927,0.000,48.771,109.363,141.783,0.052,7.068,23.890,0.925,49.086,0.000,0.000,0.000,0.000,0.000,0.000,0.000,29.000,2.000,2024.000,9.000,17.000,6.000
2.000,418.088,1007.838,13.320,1.226,979.873,39.988,453968.320,0.000,0.000,0.000,0.000,14.001,0.000,109.373,0.000,0.035,6.822,22.928,0.000,48.999,109.378,143.898,0.028,6.364,23.890,0.203,49.111,0.000,0.000,0.000,0.000,0.000,0.000,0.000,29.000,2.000,2024.000,9.000,17.000,6.000
2.000,418.088,1007.838,13.320,1.226,979.873,39.988,453968.320,0.000,0.000,0.000,0.000,14.001,0.000,109.490,0.000,0.069,6.184,22.922,0.000,48.719,109.343,141.414,0.029,7.035,23.874,1.811,49.118,0.000,0.000,0.000,0.000,0.000,0.000,0.000,29.000,2.000,2024.000,9.000,17.000,7.000
2.000,418.079,1007.842,13.320,1.226,979.851,39.987,453964.297,0.000,0.000,0.000,0.000,14.001,0.000,109.255,0.000,0.206,9.364,22.920,0.000,48.936,109.338,139.189,0.116,8.802,23.871,1.303,49.181,0.000,0.000,0.000,0.000,0.000,0.000,0.000,29.000,2.000,2024.000,9.000,17.000,7.000
2.000,418.079,1007.842,13.320,1.226,979.851,39.987,453964.297,0.000,0.000,0.000,0.000,14.001,0.000,109.283,0.000,0.106,7.357,22.928,0.000,48.656,109.393,142.943,0.098,8.835,23.873,1.618,49.009,0.000,0.000,0.000,0.000,0.000,0.000,0.000,29.000,2.000,2024.000,9.000,17.000,7.000
2.000,418.043,1007.840,13.320,1.226,979.766,39.985,453944.150,0.000,0.000,0.000,0.000,14.001,0.000,109.436,0.000,0.105,6.904,22.932,0.000,48.631,109.355,143.003,0.072,7.139,23.873,0.811,49.104,0.000,0.000,0.000,0.000,0.000,0.000,0.000,29.000,2.000,2024.000,9.000,17.000,7.000
2.000,418.043,1007.840,13.320,1.226,979.766,39.985,453944.150,0.000,0.000,0.000,0.000,14.001,0.000,109.382,0.000,0.081,6.457,22.922,0.000,48.680,109.411,142.892,0.093,6.872,23.880,0.489,49.202,0.000,0.000,0.000,0.000,0.000,0.000,0.000,29.000,2.000,2024.000,9.000,17.000,7.000
2.000,417.976,1007.840,13.320,1.226,979.608,39.982,453907.491,0.000,0.000,0.000,0.000,14.001,0.000,109.466,0.000,0.077,6.583,22.915,0.000,48.740,109.381,142.796,0.096,6.293,23.885,1.224,49.107,0.000,0.000,0.000,0.000,0.000,0.000,0.000,29.000,2.000,2024.000,9.000,17.000,7.000
2.000,417.976,1007.840,13.320,1.226,979.608,39.982,453907.491,0.000,0.000,0.000,0.000,14.001,0.000,109.397,0.000,0.053,9.299,22.929,0.000,48.761,109.382,140.207,0.071,7.253,23.890,0.281,49.139,0.000,0.000,0.000,0.000,0.000,0.000,0.000,29.000,2.000,2024.000,9.000,17.000,7.000
2.000,417.976,1007.840,13.320,1.226,979.608,39.982,453907.491,0.000,0.000,0.000,0.000,14.001,0.000,109.308,0.000,0.076,6.850,22.943,0.000,48.659,109.337,140.923,0.039,7.777,23.894,0.670,49.079,0.000,0.000,0.000,0.000,0.000,0.000,0.000,29.000,2.000,2024.000,9.000,17.000,7.000
2.000,417.944,1007.838,13.320,1.226,979.533,39.981,453889.530,0.000,0.000,0.000,0.000,14.001,0.000,109.341,0.000,0.103,6.468,22.934,0.000,48.694,109.320,140.522,0.046,6.566,23.888,0.714,49.086,0.000,0.000,0.000,0.000,0.000,0.000,0.000,29.000,2.000,2024.000,9.000,17.000,7.000
2.000,417.944,1007.838,13.320,1.226,979.533,39.981,453889.530,0.000,0.000,0.000,0.000,14.001,0.000,109.326,0.000,0.121,7.237,22.920,0.000,48.810,109.364,141.036,0.044,5.606,23.879,0.612,49.128,0.000,0.000,0.000,0.000,0.000,0.000,0.000,29.000,2.000,2024.000,9.000,17.000,7.000
2.000,417.980,1007.838,13.320,1.226,979.618,39.982,453909.229,0.000,0.000,0.000,0.000,14.001,0.000,109.242,0.000,0.101,5.944,22.920,0.000,48.596,109.368,146.557,0.084,6.637,23.882,2.045,49.041,0.000,0.000,0.000,0.000,0.000,0.000,0.000,29.000,2.000,2024.000,9.000,17.000,8.000
2.000,417.980,1007.838,13.320,1.226,979.618,39.982,453909.229,0.000,0.000,0.000,0.000,14.001,0.000,109.449,0.000,0.033,6.866,22.921,0.000,48.715,109.292,144.547,0.039,6.223,23.888,1.758,49.177,0.000,0.000,0.000,0.000,0.000,0.000,0.000,29.000,2.000,2024.000,9.000,17.000,8.000
2.000,418.026,1007.839,13.320,1.226,979.726,39.985,453934.624,0.000,0.000,0.000,0.000,14.001,0.000,109.393,0.000,0.126,5.901,22.926,0.000,48.747,109.381,142.404,0.036,8.595,23.884,0.719,49.051,0.000,0.000,0.000,0.000,0.000,0.000,0.000,29.000,2.000,2024.000,9.000,17.000,8.000
2.000,418.026,1007.839,13.320,1.226,979.726,39.985,453934.624,0.000,0.000,0.000,0.000,14.001,0.000,109.373,0.000,0.133,7.684,22.946,0.000,48.719,109.340,140.020,0.086,6.512,23.867,0.630,49.146,0.000,0.000,0.000,0.000,0.000,0.000,0.000,29.000,2.000,2024.000,9.000,17.000,8.000
2.000,418.050,1007.837,13.320,1.226,979.783,39.986,453947.304,0.000,0.000,0.000,0.000,14.001,0.000,109.244,0.000,0.115,7.275,22.943,0.000,48.670,109.329,140.333,0.151,6.310,23.868,1.777,49.006,0.000,0.000,0.000,0.000,0.000,0.000,0.000,29.000,2.000,2024.000,9.000,17.000,8.000
2.000,418.050,1007.837,13.320,1.226,979.783,39.986,453947.304,0.000,0.000,0.000,0.000,14.001,0.000,109.195,0.000,0.071,5.835,22.914,0.000,48.796,109.293,146.075,0.039,7.112,23.876,1.366,49.170,0.000,0.000,0.000,0.000,0.000,0.000,0.000,29.000,2.000,2024.000,9.000,17.000,8.000
2.000,418.106,1007.839,13.320,1.226,979.915,39.988,453978.393,0.000,0.000,0.000,0.000,14.001,0.000,109.232,0.000,0.092,10.400,22.914,0.000,48.719,109.408,149.837,0.048,7.253,23.876,2.424,49.048,0.000,0.000,0.000,0.000,0.000,0.000,0.000,29.000,2.000,2024.000,9.000,17.000,8.000
2.000,418.106,1007.839,13.320,1.226,979.915,39.988,453978.393,0.000,0.000,0.000,0.000,14.001,0.000,109.209,0.000,0.051,11.207,22.912,0.000,48.841,109.384,156.876,0.030,9.887,23.881,1.905,49.062,0.000,0.000,0.000,0.000,0.000,0.000,0.000,29.000,2.000,2024.000,9.000,17.000,8.000
2.000,418.195,1007.835,13.320,1.226,980.125,39.993,454026.181,0.000,0.000,0.000,0.000,14.001,0.000,109.356,0.000,0.103,7.679,22.912,0.000,48.901,109.326,159.892,0.053,7.608,23.881,0.470,49.090,0.000,0.000,0.000,0.000,0.000,0.000,0.000,29.000,2.000,2024.000,9.000,17.000,8.000
2.000,418.195,1007.835,13.320,1.226,980.125,39.993,454026.181,0.000,0.000,0.000,0.000,14.001,0.000,109.481,0.000,0.114,6.604,22.924,0.000,48.722,109.378,157.109,0.054,6.386,23.885,1.390,49.044,0.000,0.000,0.000,0.000,0.000,0.000,0.000,29.000,2.000,2024.000,9.000,17.000,8.000
2.000,418.195,1007.835,13.320,1.226,980.125,39.993,454026.181,0.000,0.000,0.000,0.000,14.001,0.000,109.329,0.000,0.067,6.822,22.926,0.000,48.768,109.364,156.086,0.065,7.133,23.885,0.471,49.097,0.000,0.000,0.000,0.000,0.000,0.000,0.000,29.000,2.000,2024.000,9.000,17.000,9.000
2.000,418.246,1007.835,13.320,1.226,980.246,39.995,454054.079,0.000,0.000,0.000,0.000,14.001,0.000,109.335,0.000,0.104,5.623,22.922,0.000,48.785,109.325,157.591,0.064,6.244,23.897,0.549,49.142,0.000,0.000,0.000,0.000,0.000,0.000,0.000,29.000,2.000,2024.000,9.000,17.000,9.000
2.000,418.246,1007.835,13.320,1.226,980.246,39.995,454054.079,0.000,0.000,0.000,0.000,14.001,0.000,109.498,0.000,0.080,8.600,22.921,0.000,48.817,109.396,155.655,0.056,9.042,23.900,1.294,49.020,0.000,0.000,0.000,0.000,0.000,0.000,0.000,29.000,2.000,2024.000,9.000,17.000,9.000
2.000,418.247,1007.834,13.320,1.226,980.248,39.995,454054.401,0.000,0.000,0.000,0.000,14.001,0.000,109.391,0.000,0.047,7.270,22.934,0.000,48.621,109.410,152.956,0.041,8.175,23.898,0.359,49.111,0.000,0.000,0.000,0.000,0.000,0.000,0.000,29.000,2.000,2024.000,9.000,17.000,9.000
2.000,418.247,1007.834,13.320,1.226,980.248,39.995,454054.401,0.000,0.000,0.000,0.000,14.001,0.000,109.495,0.000,0.103,7.401,22.940,0.000,48.666,109.360,152.362,0.115,7.199,23.897,2.040,49.174,0.000,0.000,0.000,0.000,0.000,0.000,0.000,29.000,2.000,2024.000,9.000,17.000,9.000
2.000,418.249,1007.832,13.320,1.226,980.253,39.995,454055.044,0.000,0.000,0.000,0.000,14.001,0.000,109.358,0.000,0.060,6.392,22.940,0.000,48.761,109.333,148.566,0.057,6.583,23.892,0.319,49.170,0.000,0.000,0.000,0.000,0.000,0.000,0.000,29.000,2.000,2024.000,9.000,17.000,9.000
2.000,418.249,1007.832,13.320,1.226,980.253,39.995,454055.044,0.000,0.000,0.000,0.000,14.001,0.000,109.230,0.000,0.080,9.811,22.940,0.000,48.806,109.301,148.771,0.057,8.502,23.888,0.850,49.177,0.000,0.000,0.000,0.000,0.000,0.000,0.000,29.000,2.000,2024.000,9.000,17.000,9.000
2.000,418.268,1007.834,13.320,1.226,980.298,39.996,454065.888,0.000,0.000,0.000,0.000,14.001,0.000,109.434,0.000,0.194,9.969,22.922,0.000,48.894,109.373,151.835,0.112,10.040,23.887,1.854,49.118,0.000,0.000,0.000,0.000,0.000,0.000,0.000,29.000,2.000,2024.000,9.000,17.000,9.000
2.000,418.268,1007.834,13.320,1.226,980.298,39.996,454065.888,0.000,0.000,0.000,0.000,14.001,0.000,109.304,0.000,0.078,6.512,22.904,0.000,48.729,109.355,148.316,0.091,7.319,23.886,0.873,49.079,0.000,0.000,0.000,0.000,0.000,0.000,0.000,29.000,2.000,2024.000,9.000,17.000,9.000
2.000,418.248,1007.833,13.320,1.226,980.251,39.995,454054.723,0.000,0.000,0.000,0.000,14.001,0.000,109.407,0.000,0.114,7.488,22.916,0.000,48.761,109.387,150.673,0.069,6.195,23.891,0.921,49.041,0.000,0.000,0.000,0.000,0.000,0.000,0.000,29.000,2.000,2024.000,9.000,17.000,9.000
2.000,418.248,1007.833,13.320,1.226,980.251,39.995,454054.723,0.000,0.000,0.000,0.000,14.001,0.000,109.241,0.000,0.097,6.326,22.934,0.000,48.729,109.367,152.574,0.099,6.692,23.898,1.524,49.114,0.000,0.000,0.000,0.000,0.000,0.000,0.000,29.000,2.000,2024.000,9.000,17.000,10.000
2.000,418.248,1007.833,13.320,1.226,980.251,39.995,454054.723,0.000,0.000,0.000,0.000,14.001,0.000,109.320,0.000,0.062,6.392,22.927,0.000,48.824,109.357,154.646,0.084,7.461,23.900,0.429,49.142,0.000,0.000,0.000,0.000,0.000,0.000,0.000,29.000,2.000,2024.000,9.000,17.000,10.000
2.000,418.300,1007.834,13.320,1.226,980.373,39.998,454083.391,0.000,0.000,0.000,0.000,14.001,0.000,109.288,0.000,0.072,13.291,22.912,0.000,48.855,109.378,158.163,0.075,10.831,23.905,1.457,49.097,0.000,0.000,0.000,0.000,0.000,0.000,0.000,29.000,2.000,2024.000,9.000,17.000,10.000
2.000,418.300,1007.834,13.320,1.226,980.373,39.998,454083.391,0.000,0.000,0.000,0.000,14.001,0.000,109.452,0.000,0.114,7.690,22.911,0.000,48.750,109.272,154.349,0.092,9.069,23.904,2.259,49.195,0.000,0.000,0.000,0.000,0.000,0.000,0.000,29.000,2.000,2024.000,9.000,17.000,10.000
2.000,418.326,1007.832,13.320,1.226,980.435,39.999,454097.162,0.000,0.000,0.000,0.000,14.001,0.000,109.327,0.000,0.085,7.286,22.907,0.000,48.866,109.433,154.154,0.072,6.495,23.900,1.427,49.034,0.000,0.000,0.000,0.000,0.000,0.000,0.000,29.000,2.000,2024.000,9.000,17.000,10.000
2.000,418.326,1007.832,13.320,1.226,980.435,39.999,454097.162,0.000,0.000,0.000,0.000,14.001,0.000,109.451,0.000,0.030,5.644,22.910,0.000,48.708,109.347,155.172,0.082,6.054,23.899,1.277,49.090,0.000,0.000,0.000,0.000,0.000,0.000,0.000,29.000,2.000,2024.000,9.000,17.000,10.000
2.000,418.325,1007.832,13.320,1.226,980.432,39.999,454096.615,0.000,0.000,0.000,0.000,14.001,0.000,109.312,0.000,0.147,11.485,22.940,0.000,48.953,109.336,153.547,0.046,8.066,23.890,0.903,49.051,0.000,0.000,0.000,0.000,0.000,0.000,0.000,29.000,2.000,2024.000,9.000,17.000,10.000
2.000,418.325,1007.832,13.320,1.226,980.432,39.999,454096.615,0.000,0.000,0.000,0.000,14.001,0.000,109.388,0.000,0.036,8.873,22.940,0.000,48.778,109.348,153.181,0.035,8.420,23.890,0.352,49.135,0.000,0.000,0.000,0.000,0.000,0.000,0.000,29.000,2.000,2024.000,9.000,17.000,10.000
2.000,418.364,1007.832,13.320,1.226,980.525,40.001,454117.945,0.000,0.000,0.000,0.000,14.001,0.000,109.458,0.000,0.062,5.541,22.928,0.000,48.687,109.388,151.144,0.059,5.988,23.895,1.185,49.139,0.000,0.000,0.000,0.000,0.000,0.000,0.000,29.000,2.000,2024.000,9.000,17.000,10.000
2.000,418.364,1007.832,13.320,1.226,980.525,40.001,454117.945,0.000,0.000,0.000,0.000,14.001,0.000,109.236,0.000,0.081,7.968,22.928,0.000,48.813,109.355,152.856,0.106,6.195,23.895,1.418,49.086,0.000,0.000,0.000,0.000,0.000,0.000,0.000,29.000,2.000,2024.000,9.000,17.000,10.000
2.000,418.374,1007.833,13.320,1.226,980.548,40.001,454123.640,0.000,0.000,0.000,0.000,14.001,0.000,109.244,0.000,0.107,6.534,22.930,0.000,48.621,109.279,152.967,0.096,7.526,23.877,1.259,49.086,0.000,0.000,0.000,0.000,0.000,0.000,0.000,29.000,2.000,2024.000,9.000,17.000,11.000
2.000,418.374,1007.833,13.320,1.226,980.548,40.001,454123.640,0.000,0.000,0.000,0.000,14.001,0.000,109.267,0.000,0.119,6.195,22.930,0.000,48.887,109.320,155.659,0.071,7.602,23.875,0.837,49.072,0.000,0.000,0.000,0.000,0.000,0.000,0.000,29.000,2.000,2024.000,9.000,17.000,11.000
2.000,418.362,1007.832,13.320,1.226,980.520,40.001,454116.851,0.000,0.000,0.000,0.000,14.001,0.000,109.343,0.000,0.106,10.575,22.968,0.000,48.687,109.356,157.718,0.080,10.013,23.886,0.932,49.044,0.000,0.000,0.000,0.000,0.000,0.000,0.000,29.000,2.000,2024.000,9.000,17.000,11.000
2.000,418.362,1007.832,13.320,1.226,980.520,40.001,454116.851,0.000,0.000,0.000,0.000,14.001,0.000,109.357,0.000,0.054,7.777,22.978,0.000,48.621,109.369,156.406,0.103,8.671,23.889,0.425,49.139,0.000,0.000,0.000,0.000,0.000,0.000,0.000,29.000,2.000,2024.000,9.000,17.000,11.000
2.000,418.373,1007.829,13.320,1.226,980.546,40.001,454122.192,0.000,0.000,0.000,0.000,14.001,0.000,109.368,0.000,0.117,6.877,22.946,0.000,48.757,109.438,157.928,0.066,6.070,23.904,0.628,49.086,0.000,0.000,0.000,0.000,0.000,0.000,0.000,29.000,2.000,2024.000,9.000,17.000,11.000
2.000,418.373,1007.829,13.320,1.226,980.546,40.001,454122.192,0.000,0.000,0.000,0.000,14.001,0.000,109.446,0.000,0.161,7.455,22.932,0.000,48.495,109.332,158.298,0.083,6.392,23.910,1.637,49.114,0.000,0.000,0.000,0.000,0.000,0.000,0.000,29.000,2.000,2024.000,9.000,17.000,11.000
2.000,418.373,1007.829,13.320,1.226,980.546,40.001,454122.192,0.000,0.000,0.000,0.000,14.001,0.000,109.520,0.000,0.072,6.621,22.927,0.000,48.645,109.424,153.146,0.057,5.775,23.899,1.061,49.034,0.000,0.000,0.000,0.000,0.000,0.000,0.000,29.000,2.000,2024.000,9.000,17.000,11.000
2.000,418.393,1007.829,13.320,1.226,980.593,40.002,454133.130,0.000,0.000,0.000,0.000,14.001,0.000,109.302,0.000,0.078,9.489,22.924,0.000,48.796,109.383,152.901,0.063,9.446,23.892,0.935,49.037,0.000,0.000,0.000,0.000,0.000,0.000,0.000,29.000,2.000,2024.000,9.000,17.000,11.000
2.000,418.393,1007.829,13.320,1.226,980.593,40.002,454133.130,0.000,0.000,0.000,0.000,14.001,0.000,109.331,0.000,0.107,6.833,22.924,0.000,48.876,109.363,155.677,0.043,7.368,23.887,0.912,49.135,0.000,0.000,0.000,0.000,0.000,0.000,0.000,29.000,2.000,2024.000,9.000,17.000,11.000
2.000,418.342,1007.828,13.320,1.226,980.473,40.000,454105.012,0.000,0.000,0.000,0.000,14.001,0.000,109.327,0.000,0.051,7.204,22.925,0.000,48.761,109.364,156.394,0.030,6.610,23.882,0.347,49.118,0.000,0.000,0.000,0.000,0.000,0.000,0.000,29.000,2.000,2024.000,9.000,17.000,11.000
2.000,418.342,1007.828,13.320,1.226,980.473,40.000,454105.012,0.000,0.000,0.000,0.000,14.001,0.000,109.392,0.000,0.099,6.184,22.934,0.000,48.726,109.404,157.292,0.028,6.261,23.887,0.346,49.058,0.000,0.000,0.000,0.000,0.000,0.000,0.000,29.000,2.000,2024.000,9.000,17.000,12.000
2.000,418.291,1007.829,13.320,1.226,980.352,39.998,454077.342,0.000,0.000,0.000,0.000,14.001,0.000,109.426,0.000,0.119,8.431,22.949,0.000,48.638,109.435,157.113,0.052,7.155,23.893,0.963,49.002,0.000,0.000,0.000,0.000,0.000,0.000,0.000,29.000,2.000,2024.000,9.000,17.000,12.000
2.000,418.291,1007.829,13.320,1.226,980.352,39.998,454077.342,0.000,0.000,0.000,0.000,14.001,0.000,109.391,0.000,0.112,9.364,22.946,0.000,48.635,109.367,157.667,0.050,8.988,23.893,0.551,49.062,0.000,0.000,0.000,0.000,0.000,0.000,0.000,29.000,2.000,2024.000,9.000,17.000,12.000
2.000,418.273,1007.830,13.320,1.226,980.310,39.997,454067.722,0.000,0.000,0.000,0.000,14.001,0.000,109.348,0.000,0.083,6.648,22.941,0.000,48.810,109.395,158.414,0.047,5.677,23.891,0.404,49.090,0.000,0.000,0.000,0.000,0.000,0.000,0.000,29.000,2.000,2024.000,9.000,17.000,12.000
2.000,418.273,1007.830,13.320,1.226,980.310,39.997,454067.722,0.000,0.000,0.000,0.000,14.001,0.000,109.403,0.000,0.124,6.343,22.941,0.000,48.775,109.321,159.315,0.061,6.130,23.893,1.372,49.090,0.000,0.000,0.000,0.000,0.000,0.000,0.000,29.000,2.000,2024.000,9.000,17.000,12.000
2.000,418.262,1007.829,13.320,1.226,980.284,39.996,454061.480,0.000,0.000,0.000,0.000,14.001,0.000,109.367,0.000,0.103,6.692,22.938,0.000,48.659,109.247,153.583,0.078,7.095,23.900,2.070,49.149,0.000,0.000,0.000,0.000,0.000,0.000,0.000,29.000,2.000,2024.000,9.000,17.000,12.000
2.000,418.262,1007.829,13.320,1.226,980.284,39.996,454061.480,0.000,0.000,0.000,0.000,14.001,0.000,109.358,0.000,0.134,6.768,22.939,0.000,48.708,109.320,151.400,0.061,6.659,23.899,1.349,49.058,0.000,0.000,0.000,0.000,0.000,0.000,0.000,29.000,2.000,2024.000,9.000,17.000,12.000
2.000,418.262,1007.829,13.320,1.226,980.284,39.996,454061.480,0.000,0.000,0.000,0.000,14.001,0.000,109.434,0.000,0.104,10.875,22.947,0.000,48.778,109.346,150.128,0.029,9.577,23.887,1.122,49.111,0.000,0.000,0.000,0.000,0.000,0.000,0.000,29.000,2.000,2024.000,9.000,17.000,12.000
2.000,418.273,1007.831,13.320,1.226,980.310,39.997,454067.947,0.000,0.000,0.000,0.000,14.001,0.000,109.446,0.000,0.085,6.681,22.947,0.000,48.705,109.398,145.799,0.085,6.910,23.887,0.727,49.083,0.000,0.000,0.000,0.000,0.000,0.000,0.000,29.000,2.000,2024.000,9.000,17.000,12.000
2.000,418.273,1007.831,13.320,1.226,980.310,39.997,454067.947,0.000,0.000,0.000,0.000,14.001,0.000,109.266,0.000,0.064,6.795,22.937,0.000,48.764,109.409,148.146,0.068,6.621,23.891,1.719,49.069,0.000,0.000,0.000,0.000,0.000,0.000,0.000,29.000,2.000,2024.000,9.000,17.000,12.000
2.000,418.275,1007.830,13.320,1.226,980.314,39.997,454068.816,0.000,0.000,0.000,0.000,14.001,0.000,109.371,0.000,0.123,6.179,22.937,0.000,48.747,109.330,151.329,0.049,6.272,23.891,1.041,49.153,0.000,0.000,0.000,0.000,0.000,0.000,0.000,29.000,2.000,2024.000,9.000,17.000,13.000
2.000,418.275,1007.830,13.320,1.226,980.314,39.997,454068.816,0.000,0.000,0.000,0.000,14.001,0.000,109.384,0.000,0.165,11.665,22.948,0.000,48.474,109.365,147.786,0.047,8.442,23.890,0.967,49.044,0.000,0.000,0.000,0.000,0.000,0.000,0.000,29.000,2.000,2024.000,9.000,17.000,13.000
2.000,418.244,1007.831,13.320,1.226,980.241,39.995,454052.084,0.000,0.000,0.000,0.000,14.001,0.000,109.274,0.000,0.139,10.329,22.949,0.000,48.866,109.284,150.102,0.040,10.346,23.890,0.761,49.156,0.000,0.000,0.000,0.000,0.000,0.000,0.000,29.000,2.000,2024.000,9.000,17.000,13.000
2.000,418.244,1007.831,13.320,1.226,980.241,39.995,454052.084,0.000,0.000,0.000,0.000,14.001,0.000,109.329,0.000,0.138,6.926,22.937,0.000,48.575,109.276,147.601,0.061,7.799,23.904,0.854,49.125,0.000,0.000,0.000,0.000,0.000,0.000,0.000,29.000,2.000,2024.000,9.000,17.000,13.000
2.000,418.201,1007.834,13.320,1.226,980.140,39.993,454029.238,0.000,0.000,0.000,0.000,14.001,0.000,109.436,0.000,0.107,7.128,22.934,0.000,48.806,109.332,144.130,0.094,6.457,23.908,1.447,49.111,0.000,0.000,0.000,0.000,0.000,0.000,0.000,29.000,2.000,2024.000,9.000,17.000,13.000
2.000,418.201,1007.834,13.320,1.226,980.140,39.993,454029.238,0.000,0.000,0.000,0.000,14.001,0.000,109.246,0.000,0.052,10.716,22.933,0.000,48.757,109.387,146.838,0.064,8.050,23.895,1.346,49.132,0.000,0.000,0.000,0.000,0.000,0.000,0.000,29.000,2.000,2024.000,9.000,17.000,13.000
2.000,418.162,1007.834,13.320,1.226,980.047,39.991,454007.903,0.000,0.000,0.000,0.000,14.001,0.000,109.303,0.000,0.049,9.555,22.933,0.000,48.813,109.368,150.016,0.111,10.144,23.890,0.694,49.093,0.000,0.000,0.000,0.000,0.000,0.000,0.000,29.000,2.000,2024.000,9.000,17.000,13.000
2.000,418.162,1007.834,13.320,1.226,980.047,39.991,454007.903,0.000,0.000,0.000,0.000,14.001,0.000,109.462,0.000,0.085,6.130,22.944,0.000,48.834,109.426,151.929,0.085,7.319,23.890,0.888,49.027,0.000,0.000,0.000,0.000,0.000,0.000,0.000,29.000,2.000,2024.000,9.000,17.000,13.000
2.000,418.158,1007.837,13.320,1.226,980.038,39.991,454006.391,0.000,0.000,0.000,0.000,14.001,0.000,109.365,0.000,0.096,7.215,22.951,0.000,48.670,109.388,150.073,0.086,6.839,23.890,0.530,49.013,0.000,0.000,0.000,0.000,0.000,0.000,0.000,29.000,2.000,2024.000,9.000,17.000,13.000
2.000,418.158,1007.837,13.320,1.226,980.038,39.991,454006.391,0.000,0.000,0.000,0.000,14.001,0.000,109.343,0.000,0.099,6.304,22.950,0.000,48.859,109.347,149.935,0.050,6.381,23.892,0.515,49.121,0.000,0.000,0.000,0.000,0.000,0.000,0.000,29.000,2.000,2024.000,9.000,17.000,13.000
2.000,418.158,1007.837,13.320,1.226,980.038,39.991,454006.391,0.000,0.000,0.000,0.000,14.001,0.000,109.445,0.000,0.109,9.457,22.949,0.000,48.607,109.412,149.994,0.076,11.076,23.894,1.136,49.118,0.000,0.000,0.000,0.000,0.000,0.000,0.000,29.000,2.000,2024.000,9.000,17.000,14.000
2.000,418.111,1007.836,13.320,1.226,979.927,39.989,453980.453,0.000,0.000,0.000,0.000,14.001,0.000,109.266,0.000,0.083,7.597,22.947,0.000,48.862,109.402,151.427,0.056,7.739,23.898,1.619,49.083,0.000,0.000,0.000,0.000,0.000,0.000,0.000,29.000,2.000,2024.000,9.000,17.000,14.000
2.000,418.111,1007.836,13.320,1.226,979.927,39.989,453980.453,0.000,0.000,0.000,0.000,14.001,0.000,109.300,0.000,0.073,6.441,22.944,0.000,48.736,109.373,154.166,0.030,6.424,23.906,1.034,49.065,0.000,0.000,0.000,0.000,0.000,0.000,0.000,29.000,2.000,2024.000,9.000,17.000,14.000
2.000,418.058,1007.838,13.320,1.226,979.802,39.986,453951.907,0.000,0.000,0.000,0.000,14.001,0.000,109.279,0.000,0.093,6.572,22.944,0.000,48.806,109.353,158.845,0.126,6.539,23.904,1.516,49.086,0.000,0.000,0.000,0.000,0.000,0.000,0.000,29.000,2.000,2024.000,9.000,17.000,14.000
2.000,418.058,1007.838,13.320,1.226,979.802,39.986,453951.907,0.000,0.000,0.000,0.000,14.001,0.000,109.351,0.000,0.032,5.514,22.945,0.000,48.771,109.387,159.165,0.170,5.525,23.901,1.149,48.950,0.000,0.000,0.000,0.000,0.000,0.000,0.000,29.000,2.000,2024.000,9.000,17.000,14.000
2.000,418.043,1007.839,13.320,1.226,979.766,39.985,453943.925,0.000,0.000,0.000,0.000,14.001,0.000,109.386,0.000,0.122,8.159,22.946,0.000,48.729,109.356,161.423,0.032,9.042,23.896,0.799,49.083,0.000,0.000,0.000,0.000,0.000,0.000,0.000,29.000,2.000,2024.000,9.000,17.000,14.000
2.000,418.043,1007.839,13.320,1.226,979.766,39.985,453943.925,0.000,0.000,0.000,0.000,14.001,0.000,109.296,0.000,0.100,9.331,22.949,0.000,48.733,109.365,160.787,0.037,7.559,23.876,1.194,49.079,0.000,0.000,0.000,0.000,0.000,0.000,0.000,29.000,2.000,2024.000,9.000,17.000,14.000
2.000,418.046,1007.840,13.320,1.226,979.774,39.986,453945.792,0.000,0.000,0.000,0.000,14.001,0.000,109.457,0.000,0.097,5.999,22.949,0.000,48.824,109.454,160.748,0.081,5.383,23.878,0.708,49.013,0.000,0.000,0.000,0.000,0.000,0.000,0.000,29.000,2.000,2024.000,9.000,17.000,14.000
2.000,418.046,1007.840,13.320,1.226,979.774,39.986,453945.792,0.000,0.000,0.000,0.000,14.001,0.000,109.336,0.000,0.031,7.482,22.948,0.000,48.768,109.331,162.510,0.058,6.757,23.896,0.336,49.132,0.000,0.000,0.000,0.000,0.000,0.000,0.000,29.000,2.000,2024.000,9.000,17.000,14.000
2.000,418.037,1007.842,13.320,1.226,979.752,39.985,453941.318,0.000,0.000,0.000,0.000,14.001,0.000,109.422,0.000,0.106,6.681,22.948,0.000,48.768,109.310,158.191,0.102,6.730,23.896,1.530,49.191,0.000,0.000,0.000,0.000,0.000,0.000,0.000,29.000,2.000,2024.000,9.000,17.000,14.000
2.000,418.037,1007.842,13.320,1.226,979.752,39.985,453941.318,0.000,0.000,0.000,0.000,14.001,0.000,109.324,0.000,0.041,12.882,22.940,0.000,48.803,109.306,157.548,0.068,7.144,23.894,0.279,49.037,0.000,0.000,0.000,0.000,0.000,0.000,0.000,29.000,2.000,2024.000,9.000,17.000,15.000
2.000,418.034,1007.843,13.320,1.226,979.745,39.985,453939.901,0.000,0.000,0.000,0.000,14.001,0.000,109.262,0.000,0.085,11.349,22.940,0.000,48.806,109.311,157.376,0.081,10.727,23.894,0.603,49.051,0.000,0.000,0.000,0.000,0.000,0.000,0.000,29.000,2.000,2024.000,9.000,17.000,15.000
2.000,418.034,1007.843,13.320,1.226,979.745,39.985,453939.901,0.000,0.000,0.000,0.000,14.001,0.000,109.328,0.000,0.123,6.626,22.969,0.000,48.719,109.307,159.904,0.121,6.163,23.899,1.251,49.058,0.000,0.000,0.000,0.000,0.000,0.000,0.000,29.000,2.000,2024.000,9.000,17.000,15.000
2.000,418.034,1007.843,13.320,1.226,979.745,39.985,453939.901,0.000,0.000,0.000,0.000,14.001,0.000,109.533,0.000,0.073,6.806,22.972,0.000,48.715,109.373,156.137,0.030,6.446,23.900,1.885,49.079,0.000,0.000,0.000,0.000,0.000,0.000,0.000,29.000,2.000,2024.000,9.000,17.000,15.000
2.000,418.003,1007.844,13.320,1.226,979.672,39.983,453923.165,0.000,0.000,0.000,0.000,14.001,0.000,109.433,0.000,0.090,8.208,22.948,0.000,48.691,109.316,149.627,0.048,5.879,23.897,1.484,49.160,0.000,0.000,0.000,0.000,0.000,0.000,0.000,29.000,2.000,2024.000,9.000,17.000,15.000
2.000,418.003,1007.844,13.320,1.226,979.672,39.983,453923.165,0.000,0.000,0.000,0.000,14.001,0.000,109.296,0.000,0.053,10.029,22.942,0.000,48.841,109.428,150.960,0.039,8.835,23.897,1.818,49.013,0.000,0.000,0.000,0.000,0.000,0.000,0.000,29.000,2.000,2024.000,9.000,17.000,15.000
2.000,417.984,1007.840,13.320,1.226,979.627,39.983,453911.868,0.000,0.000,0.000,0.000,14.001,0.000,109.348,0.000,0.060,8.366,22.946,0.000,48.761,109.288,152.540,0.062,9.408,23.910,0.767,49.125,0.000,0.000,0.000,0.000,0.000,0.000,0.000,29.000,2.000,2024.000,9.000,17.000,15.000
2.000,417.984,1007.840,13.320,1.226,979.627,39.983,453911.868,0.000,0.000,0.000,0.000,14.001,0.000,109.453,0.000,0.102,6.850,22.947,0.000,48.761,109.399,150.543,0.032,6.681,23.916,0.953,49.062,0.000,0.000,0.000,0.000,0.000,0.000,0.000,29.000,2.000,2024.000,9.000,17.000,15.000
2.000,417.949,1007.840,13.320,1.226,979.544,39.981,453892.717,0.000,0.000,0.000,0.000,14.001,0.000,109.412,0.000,0.123,6.899,22.946,0.000,48.680,109.409,150.063,0.049,6.468,23.909,0.803,49.030,0.000,0.000,0.000,0.000,0.000,0.000,0.000,29.000,2.000,2024.000,9.000,17.000,15.000
2.000,417.949,1007.840,13.320,1.226,979.544,39.981,453892.717,0.000,0.000,0.000,0.000,14.001,0.000,109.415,0.000,0.109,5.535,22.945,0.000,48.621,109.384,148.138,0.050,6.212,23.904,0.429,49.034,0.000,0.000,0.000,0.000,0.000,0.000,0.000,29.000,2.000,2024.000,9.000,17.000,15.000
2.000,417.897,1007.841,13.320,1.226,979.422,39.978,453864.487,0.000,0.000,0.000,0.000,14.001,0.000,109.354,0.000,0.040,9.239,22.950,0.000,48.782,109.344,147.745,0.070,6.763,23.903,0.551,49.167,0.000,0.000,0.000,0.000,0.000,0.000,0.000,29.000,2.000,2024.000,9.000,17.000,16.000
2.000,417.897,1007.841,13.320,1.226,979.422,39.978,453864.487,0.000,0.000,0.000,0.000,14.001,0.000,109.447,0.000,0.138,7.624,22.955,0.000,48.803,109.393,146.338,0.079,8.977,23.902,0.781,49.132,0.000,0.000,0.000,0.000,0.000,0.000,0.000,29.000,2.000,2024.000,9.000,17.000,16.000
2.000,417.906,1007.840,13.320,1.226,979.443,39.979,453869.187,0.000,0.000,0.000,0.000,14.001,0.000,109.312,0.000,0.175,5.803,22.951,0.000,48.729,109.308,146.336,0.054,6.610,23.903,0.786,49.160,0.000,0.000,0.000,0.000,0.000,0.000,0.000,29.000,2.000,2024.000,9.000,17.000,16.000
2.000,417.906,1007.840,13.320,1.226,979.443,39.979,453869.187,0.000,0.000,0.000,0.000,14.001,0.000,109.305,0.000,0.110,6.403,22.944,0.000,48.764,109.414,147.287,0.037,6.512,23.904,1.476,49.076,0.000,0.000,0.000,0.000,0.000,0.000,0.000,29.000,2.000,2024.000,9.000,17.000,16.000
2.000,417.957,1007.837,13.320,1.226,979.563,39.981,453896.419,0.000,0.000,0.000,0.000,14.001,0.000,109.364,0.000,0.094,7.973,22.943,0.000,48.740,109.414,151.124,0.094,8.273,23.900,0.844,49.006,0.000,0.000,0.000,0.000,0.000,0.000,0.000,29.000,2.000,2024.000,9.000,17.000,16.000
2.000,417.957,1007.837,13.320,1.226,979.563,39.981,453896.419,0.000,0.000,0.000,0.000,14.001,0.000,109.448,0.000,0.095,10.127,22.939,0.000,48.775,109.283,149.197,0.059,13.449,23.891,1.648,49.118,0.000,0.000,0.000,0.000,0.000,0.000,0.000,29.000,2.000,2024.000,9.000,17.000,16.000
2.000,417.957,1007.837,13.320,1.226,979.563,39.981,453896.419,0.000,0.000,0.000,0.000,14.001,0.000,109.411,0.000,0.117,7.079,22.938,0.000,48.806,109.410,146.798,0.070,8.257,23.893,0.744,49.100,0.000,0.000,0.000,0.000,0.000,0.000,0.000,29.000,2.000,2024.000,9.000,17.000,16.000
2.000,417.987,1007.835,13.320,1.226,979.634,39.983,453912.384,0.000,0.000,0.000,0.000,14.001,0.000,109.395,0.000,0.214,6.833,22.934,0.000,48.918,109.362,147.256,0.049,6.081,23.901,1.493,49.146,0.000,0.000,0.000,0.000,0.000,0.000,0.000,29.000,2.000,2024.000,9.000,17.000,16.000
2.000,417.987,1007.835,13.320,1.226,979.634,39.983,453912.384,0.000,0.000,0.000,0.000,14.001,0.000,109.384,0.000,0.068,6.763,22.937,0.000,48.722,109.372,144.259,0.081,6.561,23.902,0.613,49.128,0.000,0.000,0.000,0.000,0.000,0.000,0.000,29.000,2.000,2024.000,9.000,17.000,16.000
2.000,417.989,1007.834,13.320,1.226,979.639,39.983,453913.253,0.000,0.000,0.000,0.000,14.001,0.000,109.457,0.000,0.082,7.461,22.966,0.000,48.589,109.421,143.904,0.058,7.024,23.908,0.650,49.097,0.000,0.000,0.000,0.000,0.000,0.000,0.000,29.000,2.000,2024.000,9.000,17.000,16.000
2.000,417.989,1007.834,13.320,1.226,979.639,39.983,453913.253,0.000,0.000,0.000,0.000,14.001,0.000,109.337,0.000,0.039,11.371,22.966,0.000,48.708,109.266,142.465,0.127,10.782,23.908,1.163,49.317,0.000,0.000,0.000,0.000,0.000,0.000,0.000,29.000,2.000,2024.000,9.000,17.000,17.000
2.000,418.036,1007.832,13.320,1.226,979.750,39.985,453938.519,0.000,0.000,0.000,0.000,14.001,0.000,109.360,0.000,0.081,7.144,22.940,0.000,48.726,109.357,140.600,0.044,10.357,23.906,0.563,49.093,0.000,0.000,0.000,0.000,0.000,0.000,0.000,29.000,2.000,2024.000,9.000,17.000,17.000
2.000,418.036,1007.832,13.320,1.226,979.750,39.985,453938.519,0.000,0.000,0.000,0.000,14.001,0.000,109.296,0.000,0.096,7.248,22.940,0.000,48.782,109.323,140.347,0.029,6.435,23.906,0.799,49.097,0.000,0.000,0.000,0.000,0.000,0.000,0.000,29.000,2.000,2024.000,9.000,17.000,17.000
2.000,418.062,1007.833,13.320,1.226,979.811,39.986,453952.969,0.000,0.000,0.000,0.000,14.001,0.000,109.323,0.000,0.112,7.270,22.957,0.000,48.827,109.365,141.854,0.047,6.670,23.888,0.493,49.118,0.000,0.000,0.000,0.000,0.000,0.000,0.000,29.000,2.000,2024.000,9.000,17.000,17.000
2.000,418.062,1007.833,13.320,1.226,979.811,39.986,453952.969,0.000,0.000,0.000,0.000,14.001,0.000,109.308,0.000,0.075,5.274,22.959,0.000,48.635,109.418,145.890,0.070,6.184,23.886,1.491,49.072,0.000,0.000,0.000,0.000,0.000,0.000,0.000,29.000,2.000,2024.000,9.000,17.000,17.000
2.000,418.100,1007.832,13.320,1.226,979.901,39.988,453973.534,0.000,0.000,0.000,0.000,14.001,0.000,109.307,0.000,0.079,7.951,22.973,0.000,48.757,109.269,147.000,0.051,8.977,23.901,0.666,49.163,0.000,0.000,0.000,0.000,0.000,0.000,0.000,29.000,2.000,2024.000,9.000,17.000,17.000
2.000,418.100,1007.832,13.320,1.226,979.901,39.988,453973.534,0.000,0.000,0.000,0.000,14.001,0.000,109.423,0.000,0.087,6.403,22.976,0.000,48.673,109.394,145.635,0.117,7.968,23.904,0.866,49.212,0.000,0.000,0.000,0.000,0.000,0.000,0.000,29.000,2.000,2024.000,9.000,17.000,17.000
2.000,418.122,1007.832,13.320,1.226,979.953,39.989,453985.570,0.000,0.000,0.000,0.000,14.001,0.000,109.310,0.000,0.129,7.013,22.960,0.000,48.701,109.341,143.804,0.064,5.415,23.912,0.854,49.041,0.000,0.000,0.000,0.000,0.000,0.000,0.000,29.000,2.000,2024.000,9.000,17.000,17.000
2.000,418.122,1007.832,13.320,1.226,979.953,39.989,453985.570,0.000,0.000,0.000,0.000,14.001,0.000,109.369,0.000,0.065,6.621,22.953,0.000,48.652,109.380,145.504,0.101,7.057,23.915,0.589,48.978,0.000,0.000,0.000,0.000,0.000,0.000,0.000,29.000,2.000,2024.000,9.000,17.000,17.000
2.000,418.120,1007.833,13.320,1.226,979.948,39.989,453984.701,0.000,0.000,0.000,0.000,14.001,0.000,109.369,0.000,0.092,7.030,22.946,0.000,48.687,109.380,145.658,0.069,6.064,23.902,0.608,49.079,0.000,0.000,0.000,0.000,0.000,0.000,0.000,29.000,2.000,2024.000,9.000,17.000,17.000
2.000,418.120,1007.833,13.320,1.226,979.948,39.989,453984.701,0.000,0.000,0.000,0.000,14.001,0.000,109.323,0.000,0.159,13.438,22.941,0.000,49.114,109.487,151.292,0.055,13.209,23.893,1.467,49.086,0.000,0.000,0.000,0.000,0.000,0.000,0.000,29.000,2.000,2024.000,9.000,17.000,18.000
2.000,418.120,1007.833,13.320,1.226,979.948,39.989,453984.701,0.000,0.000,0.000,0.000,14.001,0.000,109.372,0.000,0.069,7.821,22.950,0.000,48.859,109.446,154.656,0.044,9.915,23.898,0.946,49.044,0.000,0.000,0.000,0.000,0.000,0.000,0.000,29.000,2.000,2024.000,9.000,17.000,18.000
2.000,418.117,1007.834,13.320,1.226,979.941,39.989,453983.285,0.000,0.000,0.000,0.000,14.001,0.000,109.383,0.000,0.089,5.972,22.960,0.000,48.778,109.351,155.525,0.070,6.403,23.903,0.701,49.163,0.000,0.000,0.000,0.000,0.000,0.000,0.000,29.000,2.000,2024.000,9.000,17.000,18.000
2.000,418.117,1007.834,13.320,1.226,979.941,39.989,453983.285,0.000,0.000,0.000,0.000,14.001,0.000,109.259,0.000,0.078,7.886,22.955,0.000,48.750,109.349,157.290,0.094,6.681,23.902,0.811,49.086,0.000,0.000,0.000,0.000,0.000,0.000,0.000,29.000,2.000,2024.000,9.000,17.000,18.000
2.000,418.103,1007.837,13.320,1.226,979.908,39.988,453976.301,0.000,0.000,0.000,0.000,14.001,0.000,109.336,0.000,0.054,6.244,22.949,0.000,48.708,109.362,159.154,0.078,6.326,23.901,0.235,49.016,0.000,0.000,0.000,0.000,0.000,0.000,0.000,29.000,2.000,2024.000,9.000,17.000,18.000
2.000,418.103,1007.837,13.320,1.226,979.908,39.988,453976.301,0.000,0.000,0.000,0.000,14.001,0.000,109.411,0.000,0.145,8.251,22.949,0.000,48.792,109.327,156.931,0.082,9.331,23.897,1.848,49.111,0.000,0.000,0.000,0.000,0.000,0.000,0.000,29.000,2.000,2024.000,9.000,17.000,18.000
2.000,418.074,1007.839,13.320,1.226,979.840,39.987,453960.886,0.000,0.000,0.000,0.000,14.001,0.000,109.367,0.000,0.067,7.199,22.948,0.000,48.684,109.462,158.824,0.076,6.713,23.886,0.993,49.055,0.000,0.000,0.000,0.000,0.000,0.000,0.000,29.000,2.000,2024.000,9.000,17.000,18.000
2.000,418.074,1007.839,13.320,1.226,979.840,39.987,453960.886,0.000,0.000,0.000,0.000,14.001,0.000,109.395,0.000,0.056,7.193,22.948,0.000,48.789,109.359,159.047,0.052,6.822,23.890,0.630,49.055,0.000,0.000,0.000,0.000,0.000,0.000,0.000,29.000,2.000,2024.000,9.000,17.000,18.000
2.000,418.039,1007.839,13.320,1.226,979.757,39.985,453941.736,0.000,0.000,0.000,0.000,14.001,0.000,109.480,0.000,0.045,6.168,22.947,0.000,48.680,109.311,155.870,0.023,6.719,23.908,2.064,49.093,0.000,0.000,0.000,0.000,0.000,0.000,0.000,29.000,2.000,2024.000,9.000,17.000,18.000
2.000,418.039,1007.839,13.320,1.226,979.757,39.985,453941.736,0.000,0.000,0.000,0.000,14.001,0.000,109.351,0.000,0.161,7.346,22.950,0.000,48.778,109.389,154.474,0.039,5.585,23.907,1.212,49.086,0.000,0.000,0.000,0.000,0.000,0.000,0.000,29.000,2.000,2024.000,9.000,17.000,18.000
2.000,417.987,1007.842,13.320,1.226,979.634,39.983,453913.960,0.000,0.000,0.000,0.000,14.001,0.000,109.380,0.000,0.148,9.042,22.975,0.000,48.645,109.318,153.728,0.051,8.055,23.899,0.750,49.121,0.000,0.000,0.000,0.000,0.000,0.000,0.000,29.000,2.000,2024.000,9.000,17.000,19.000
2.000,417.987,1007.842,13.320,1.226,979.634,39.983,453913.960,0.000,0.000,0.000,0.000,14.001,0.000,109.304,0.000,0.067,6.583,22.975,0.000,48.747,109.344,151.447,0.066,7.946,23.899,0.622,49.072,0.000,0.000,0.000,0.000,0.000,0.000,0.000,29.000,2.000,2024.000,9.000,17.000,19.000
2.000,417.991,1007.844,13.320,1.226,979.644,39.983,453916.599,0.000,0.000,0.000,0.000,14.001,0.000,109.370,0.000,0.103,6.184,22.971,0.000,48.862,109.306,152.682,0.032,5.737,23.904,1.277,49.093,0.000,0.000,0.000,0.000,0.000,0.000,0.000,29.000,2.000,2024.000,9.000,17.000,19.000
2.000,417.991,1007.844,13.320,1.226,979.644,39.983,453916.599,0.000,0.000,0.000,0.000,14.001,0.000,109.394,0.000,0.100,6.790,22.971,0.000,48.771,109.388,150.811,0.067,6.468,23.904,0.323,49.013,0.000,0.000,0.000,0.000,0.000,0.000,0.000,29.000,2.000,2024.000,9.000,17.000,19.000
2.000,417.991,1007.844,13.320,1.226,979.644,39.983,453916.599,0.000,0.000,0.000,0.000,14.001,0.000,109.280,0.000,0.107,6.615,22.975,0.000,48.796,109.264,151.001,0.091,6.310,23.909,0.372,49.205,0.000,0.000,0.000,0.000,0.000,0.000,0.000,29.000,2.000,2024.000,9.000,17.000,19.000
2.000,418.001,1007.846,13.320,1.226,979.667,39.983,453922.521,0.000,0.000,0.000,0.000,14.001,0.000,109.446,0.000,0.018,11.982,22.976,0.000,48.715,109.393,149.354,0.037,8.748,23.910,0.451,49.062,0.000,0.000,0.000,0.000,0.000,0.000,0.000,29.000,2.000,2024.000,9.000,17.000,19.000
2.000,418.001,1007.846,13.320,1.226,979.667,39.983,453922.521,0.000,0.000,0.000,0.000,14.001,0.000,109.361,0.000,0.086,8.170,22.949,0.000,48.701,109.326,147.038,0.049,10.258,23.897,0.445,49.104,0.000,0.000,0.000,0.000,0.000,0.000,0.000,29.000,2.000,2024.000,9.000,17.000,19.000
2.000,418.027,1007.848,13.320,1.226,979.729,39.984,453937.197,0.000,0.000,0.000,0.000,14.001,0.000,109.316,0.000,0.115,6.348,22.942,0.000,48.740,109.325,147.561,0.060,6.953,23.894,0.741,49.142,0.000,0.000,0.000,0.000,0.000,0.000,0.000,29.000,2.000,2024.000,9.000,17.000,19.000
2.000,418.027,1007.848,13.320,1.226,979.729,39.984,453937.197,0.000,0.000,0.000,0.000,14.001,0.000,109.401,0.000,0.078,5.944,22.952,0.000,48.782,109.364,147.363,0.073,6.348,23.896,0.552,49.093,0.000,0.000,0.000,0.000,0.000,0.000,0.000,29.000,2.000,2024.000,9.000,17.000,19.000
2.000,418.040,1007.847,13.320,1.226,979.759,39.985,453944.085,0.000,0.000,0.000,0.000,14.001,0.000,109.344,0.000,0.134,9.697,22.956,0.000,48.715,109.321,145.556,0.073,7.357,23.897,0.597,49.160,0.000,0.000,0.000,0.000,0.000,0.000,0.000,29.000,2.000,2024.000,9.000,17.000,19.000
2.000,418.040,1007.847,13.320,1.226,979.759,39.985,453944.085,0.000,0.000,0.000,0.000,14.001,0.000,109.300,0.000,0.120,11.753,22.955,0.000,48.813,109.395,147.518,0.059,10.956,23.907,1.853,49.041,0.000,0.000,0.000,0.000,0.000,0.000,0.000,29.000,2.000,2024.000,9.000,17.000,20.000
2.000,418.060,1007.850,13.320,1.226,979.807,39.986,453955.703,0.000,0.000,0.000,0.000,14.001,0.000,109.359,0.000,0.127,8.508,22.954,0.000,49.160,109.358,149.064,0.020,8.371,23.914,0.501,49.107,0.000,0.000,0.000,0.000,0.000,0.000,0.000,29.000,2.000,2024.000,9.000,17.000,20.000
2.000,418.060,1007.850,13.320,1.226,979.807,39.986,453955.703,0.000,0.000,0.000,0.000,14.001,0.000,109.363,0.000,0.053,7.319,22.956,0.000,48.820,109.435,149.689,0.067,5.743,23.915,0.678,49.069,0.000,0.000,0.000,0.000,0.000,0.000,0.000,29.000,2.000,2024.000,9.000,17.000,20.000
2.000,418.101,1007.846,13.320,1.226,979.903,39.988,453977.234,0.000,0.000,0.000,0.000,14.001,0.000,109.349,0.000,0.074,7.853,22.959,0.000,48.855,109.351,152.100,0.043,7.144,23.916,0.494,49.090,0.000,0.000,0.000,0.000,0.000,0.000,0.000,29.000,2.000,2024.000,9.000,17.000,20.000
2.000,418.101,1007.846,13.320,1.226,979.903,39.988,453977.234,0.000,0.000,0.000,0.000,14.001,0.000,109.343,0.000,0.112,5.361,22.958,0.000,48.733,109.326,151.749,0.068,5.895,23.915,0.691,49.072,0.000,0.000,0.000,0.000,0.000,0.000,0.000,29.000,2.000,2024.000,9.000,17.000,20.000
2.000,418.170,1007.845,13.320,1.226,980.066,39.991,454014.757,0.000,0.000,0.000,0.000,14.001,0.000,109.280,0.000,0.076,7.450,22.958,0.000,48.659,109.277,150.127,0.040,7.401,23.914,0.264,49.128,0.000,0.000,0.000,0.000,0.000,0.000,0.000,29.000,2.000,2024.000,9.000,17.000,20.000
2.000,418.170,1007.845,13.320,1.226,980.066,39.991,454014.757,0.000,0.000,0.000,0.000,14.001,0.000,109.374,0.000,0.054,8.497,22.963,0.000,48.810,109.413,151.202,0.091,8.955,23.909,0.620,48.995,0.000,0.000,0.000,0.000,0.000,0.000,0.000,29.000,2.000,2024.000,9.000,17.000,20.000
