6.000,420.022,1007.844,12.440,1.229,984.441,40.019,456819.910,0.000,0.000,0.000,0.000,-4.994,0.000,123.030,0.000,0.047,13.803,14.933,0.000,51.243,123.040,109.070,0.023,10.389,14.974,0.186,50.865,0.000,0.000,0.000,0.000,0.000,0.000,0.000,29.000,2.000,2024.000,9.000,6.000,57.000
6.000,420.016,1007.846,12.460,1.229,984.426,40.020,456776.169,0.000,0.000,0.000,0.000,-4.994,0.000,123.015,0.000,0.026,13.225,14.942,0.000,51.334,123.020,109.605,0.056,10.198,14.980,0.337,50.910,0.000,0.000,0.000,0.000,0.000,0.000,0.000,29.000,2.000,2024.000,9.000,6.000,58.000
6.000,420.016,1007.846,12.460,1.229,984.426,40.020,456776.169,0.000,0.000,0.000,0.000,-4.994,0.000,123.062,0.000,0.065,19.115,14.944,0.000,51.348,123.051,109.942,0.027,9.947,14.981,0.458,50.875,0.000,0.000,0.000,0.000,0.000,0.000,0.000,29.000,2.000,2024.000,9.000,6.000,58.000
6.000,420.011,1007.845,12.460,1.229,984.415,40.020,456773.202,0.000,0.000,0.000,0.000,-4.994,0.000,122.997,0.000,0.037,13.247,14.940,0.000,51.323,123.031,109.800,0.036,9.887,14.999,0.404,50.914,0.000,0.000,0.000,0.000,0.000,0.000,0.000,29.000,2.000,2024.000,9.000,6.000,58.000
6.000,420.011,1007.845,12.460,1.229,984.415,40.020,456773.202,0.000,0.000,0.000,0.000,-4.994,0.000,123.000,0.000,0.037,12.107,14.938,0.000,51.362,123.041,111.292,0.046,9.817,15.006,0.420,50.879,0.000,0.000,0.000,0.000,0.000,0.000,0.000,29.000,2.000,2024.000,9.000,6.000,58.000
6.000,419.996,1007.845,12.460,1.229,984.379,40.019,456764.982,0.000,0.000,0.000,0.000,-4.994,0.000,123.073,0.000,0.056,10.160,14.947,0.000,51.411,122.980,111.093,0.038,10.220,15.007,1.230,50.893,0.000,0.000,0.000,0.000,0.000,0.000,0.000,29.000,2.000,2024.000,9.000,6.000,58.000
6.000,419.996,1007.845,12.460,1.229,984.379,40.019,456764.982,0.000,0.000,0.000,0.000,-4.994,0.000,123.037,0.000,0.048,9.953,14.952,0.000,51.292,123.023,108.928,0.040,10.504,15.008,0.198,50.861,0.000,0.000,0.000,0.000,0.000,0.000,0.000,29.000,2.000,2024.000,9.000,6.000,58.000
6.000,419.973,1007.846,12.460,1.229,984.325,40.018,456752.605,0.000,0.000,0.000,0.000,-4.994,0.000,123.043,0.000,0.032,10.629,14.961,0.000,51.313,123.017,107.942,0.049,10.062,15.015,0.358,50.868,0.000,0.000,0.000,0.000,0.000,0.000,0.000,29.000,2.000,2024.000,9.000,6.000,58.000
6.000,419.973,1007.846,12.460,1.229,984.325,40.018,456752.605,0.000,0.000,0.000,0.000,-4.994,0.000,122.986,0.000,0.104,11.829,14.969,0.000,51.323,123.031,109.159,0.046,10.591,15.023,1.006,50.858,0.000,0.000,0.000,0.000,0.000,0.000,0.000,29.000,2.000,2024.000,9.000,6.000,58.000
6.000,419.943,1007.850,12.460,1.229,984.254,40.016,456737.071,0.000,0.000,0.000,0.000,-4.994,0.000,122.992,0.000,0.054,12.822,14.971,0.000,51.320,123.051,110.634,0.049,9.909,15.020,0.760,50.847,0.000,0.000,0.000,0.000,0.000,0.000,0.000,29.000,2.000,2024.000,9.000,6.000,58.000
6.000,419.943,1007.850,12.460,1.229,984.254,40.016,456737.071,0.000,0.000,0.000,0.000,-4.994,0.000,123.015,0.000,0.043,14.490,14.974,0.000,51.323,123.060,112.971,0.040,9.762,15.015,0.376,50.847,0.000,0.000,0.000,0.000,0.000,0.000,0.000,29.000,2.000,2024.000,9.000,6.000,58.000
6.000,419.901,1007.847,12.460,1.229,984.155,40.014,456713.373,0.000,0.000,0.000,0.000,-4.994,0.000,123.049,0.000,0.030,10.515,14.980,0.000,51.313,123.018,113.568,0.039,10.967,15.012,0.407,50.914,0.000,0.000,0.000,0.000,0.000,0.000,0.000,29.000,2.000,2024.000,9.000,6.000,59.000
6.000,419.901,1007.847,12.460,1.229,984.155,40.014,456713.373,0.000,0.000,0.000,0.000,-4.994,0.000,123.046,0.000,0.099,13.296,14.995,0.000,51.222,123.012,111.164,0.033,9.751,15.005,0.862,50.830,0.000,0.000,0.000,0.000,0.000,0.000,0.000,29.000,2.000,2024.000,9.000,6.000,59.000
6.000,419.842,1007.849,12.460,1.229,984.015,40.012,456681.489,0.000,0.000,0.000,0.000,-4.994,0.000,123.089,0.000,0.064,14.725,14.991,0.000,51.222,123.023,110.275,0.034,9.375,15.010,0.789,50.889,0.000,0.000,0.000,0.000,0.000,0.000,0.000,29.000,2.000,2024.000,9.000,6.000,59.000
6.000,419.842,1007.849,12.460,1.229,984.015,40.012,456681.489,0.000,0.000,0.000,0.000,-4.994,0.000,123.049,0.000,0.045,11.665,14.976,0.000,51.344,123.048,109.289,0.068,9.789,15.027,0.529,50.823,0.000,0.000,0.000,0.000,0.000,0.000,0.000,29.000,2.000,2024.000,9.000,6.000,59.000
6.000,419.842,1007.849,12.460,1.229,984.015,40.012,456681.489,0.000,0.000,0.000,0.000,-4.994,0.000,123.018,0.000,0.063,10.149,14.979,0.000,51.348,123.048,109.549,0.029,11.982,15.028,0.363,50.896,0.000,0.000,0.000,0.000,0.000,0.000,0.000,29.000,2.000,2024.000,9.000,6.000,59.000
6.000,419.792,1007.849,12.460,1.229,983.897,40.009,456654.084,0.000,0.000,0.000,0.000,-4.994,0.000,123.028,0.000,0.062,8.366,15.003,0.000,51.386,123.027,110.824,0.060,10.155,15.044,0.186,50.882,0.000,0.000,0.000,0.000,0.000,0.000,0.000,29.000,2.000,2024.000,9.000,6.000,59.000
6.000,419.792,1007.849,12.460,1.229,983.897,40.009,456654.084,0.000,0.000,0.000,0.000,-4.994,0.000,123.072,0.000,0.053,8.998,15.003,0.000,51.243,123.004,109.587,0.040,13.220,15.044,0.625,50.924,0.000,0.000,0.000,0.000,0.000,0.000,0.000,29.000,2.000,2024.000,9.000,6.000,59.000
6.000,419.766,1007.850,12.460,1.229,983.836,40.008,456640.059,0.000,0.000,0.000,0.000,-4.994,0.000,123.018,0.000,0.029,10.324,15.014,0.000,51.260,123.013,108.647,0.068,13.171,15.084,0.330,50.837,0.000,0.000,0.000,0.000,0.000,0.000,0.000,29.000,2.000,2024.000,9.000,6.000,59.000
6.000,419.766,1007.850,12.460,1.229,983.836,40.008,456640.059,0.000,0.000,0.000,0.000,-4.994,0.000,123.010,0.000,0.021,10.182,15.014,0.000,51.313,123.030,108.995,0.069,12.096,15.084,0.321,50.858,0.000,0.000,0.000,0.000,0.000,0.000,0.000,29.000,2.000,2024.000,9.000,6.000,59.000
6.000,419.722,1007.852,12.460,1.229,983.732,40.006,456616.393,0.000,0.000,0.000,0.000,-4.994,0.000,123.062,0.000,0.034,10.776,14.998,0.000,51.316,123.053,109.229,0.053,14.010,15.051,0.458,50.802,0.000,0.000,0.000,0.000,0.000,0.000,0.000,29.000,2.000,2024.000,9.000,6.000,59.000
6.000,419.722,1007.852,12.460,1.229,983.732,40.006,456616.393,0.000,0.000,0.000,0.000,-4.994,0.000,123.013,0.000,0.050,10.662,14.996,0.000,51.271,122.998,109.192,0.053,14.943,15.047,0.400,50.861,0.000,0.000,0.000,0.000,0.000,0.000,0.000,29.000,2.000,2024.000,9.000,7.000,0.000
6.000,419.698,1007.851,12.460,1.229,983.675,40.005,456603.010,0.000,0.000,0.000,0.000,-4.994,0.000,122.997,0.000,0.058,11.480,15.015,0.000,51.344,123.004,108.772,0.048,15.947,15.056,0.412,50.816,0.000,0.000,0.000,0.000,0.000,0.000,0.000,29.000,2.000,2024.000,9.000,7.000,0.000
6.000,419.698,1007.851,12.460,1.229,983.675,40.005,456603.010,0.000,0.000,0.000,0.000,-4.994,0.000,123.020,0.000,0.042,10.117,15.019,0.000,51.337,123.010,108.306,0.061,12.293,15.058,0.181,50.809,0.000,0.000,0.000,0.000,0.000,0.000,0.000,29.000,2.000,2024.000,9.000,7.000,0.000
6.000,419.666,1007.854,12.460,1.229,983.600,40.003,456586.147,0.000,0.000,0.000,0.000,-4.994,0.000,123.002,0.000,0.062,9.571,15.016,0.000,51.365,123.017,108.517,0.069,9.402,15.078,0.247,50.858,0.000,0.000,0.000,0.000,0.000,0.000,0.000,29.000,2.000,2024.000,9.000,7.000,0.000
6.000,419.666,1007.854,12.460,1.229,983.600,40.003,456586.147,0.000,0.000,0.000,0.000,-4.994,0.000,123.035,0.000,0.058,9.397,15.015,0.000,51.239,123.000,107.773,0.061,10.258,15.087,0.703,50.865,0.000,0.000,0.000,0.000,0.000,0.000,0.000,29.000,2.000,2024.000,9.000,7.000,0.000
6.000,419.666,1007.854,12.460,1.229,983.600,40.003,456586.147,0.000,0.000,0.000,0.000,-4.994,0.000,123.054,0.000,0.043,9.140,15.027,0.000,51.334,123.052,107.646,0.062,9.593,15.083,0.240,50.847,0.000,0.000,0.000,0.000,0.000,0.000,0.000,29.000,2.000,2024.000,9.000,7.000,0.000
6.000,419.645,1007.854,12.460,1.229,983.550,40.002,456574.635,0.000,0.000,0.000,0.000,-4.994,0.000,123.085,0.000,0.067,9.124,15.036,0.000,51.292,123.010,105.534,0.048,9.893,15.081,0.995,50.833,0.000,0.000,0.000,0.000,0.000,0.000,0.000,29.000,2.000,2024.000,9.000,7.000,0.000
6.000,419.645,1007.854,12.460,1.229,983.550,40.002,456574.635,0.000,0.000,0.000,0.000,-4.994,0.000,123.077,0.000,0.053,10.373,15.051,0.000,51.243,123.019,103.358,0.044,10.438,15.080,0.679,50.886,0.000,0.000,0.000,0.000,0.000,0.000,0.000,29.000,2.000,2024.000,9.000,7.000,0.000
6.000,419.645,1007.856,12.460,1.229,983.550,40.002,456575.088,0.000,0.000,0.000,0.000,-4.994,0.000,123.029,0.000,0.038,9.986,15.066,0.000,51.257,123.069,103.352,0.054,9.500,15.079,0.593,50.777,0.000,0.000,0.000,0.000,0.000,0.000,0.000,29.000,2.000,2024.000,9.000,7.000,0.000
6.000,419.645,1007.856,12.460,1.229,983.550,40.002,456575.088,0.000,0.000,0.000,0.000,-4.994,0.000,123.053,0.000,0.034,12.429,15.067,0.000,51.306,123.040,103.645,0.032,9.931,15.085,0.189,50.851,0.000,0.000,0.000,0.000,0.000,0.000,0.000,29.000,2.000,2024.000,9.000,7.000,0.000
6.000,419.629,1007.855,12.460,1.229,983.512,40.001,456566.090,0.000,0.000,0.000,0.000,-4.994,0.000,123.041,0.000,0.068,12.811,15.067,0.000,51.236,123.033,104.143,0.064,9.937,15.096,0.591,50.868,0.000,0.000,0.000,0.000,0.000,0.000,0.000,29.000,2.000,2024.000,9.000,7.000,1.000
6.000,419.629,1007.855,12.460,1.229,983.512,40.001,456566.090,0.000,0.000,0.000,0.000,-4.994,0.000,122.998,0.000,0.100,12.522,15.068,0.000,51.246,123.033,104.220,0.051,9.828,15.101,0.753,50.931,0.000,0.000,0.000,0.000,0.000,0.000,0.000,29.000,2.000,2024.000,9.000,7.000,1.000
6.000,419.630,1007.854,12.460,1.229,983.515,40.001,456566.411,0.000,0.000,0.000,0.000,-4.994,0.000,123.019,0.000,0.068,15.548,15.071,0.000,51.225,123.041,105.693,0.040,10.313,15.114,0.549,50.868,0.000,0.000,0.000,0.000,0.000,0.000,0.000,29.000,2.000,2024.000,9.000,7.000,1.000
6.000,419.630,1007.854,12.460,1.229,983.515,40.001,456566.411,0.000,0.000,0.000,0.000,-4.994,0.000,122.979,0.000,0.043,11.747,15.069,0.000,51.271,123.055,106.997,0.036,9.751,15.118,0.972,50.875,0.000,0.000,0.000,0.000,0.000,0.000,0.000,29.000,2.000,2024.000,9.000,7.000,1.000
6.000,419.635,1007.855,12.460,1.229,983.527,40.002,456569.379,0.000,0.000,0.000,0.000,-4.994,0.000,123.084,0.000,0.037,12.113,15.060,0.000,51.281,122.983,107.002,0.035,11.780,15.135,1.093,50.910,0.000,0.000,0.000,0.000,0.000,0.000,0.000,29.000,2.000,2024.000,9.000,7.000,1.000
6.000,419.635,1007.855,12.460,1.229,983.527,40.002,456569.379,0.000,0.000,0.000,0.000,-4.994,0.000,123.050,0.000,0.073,11.949,15.063,0.000,51.257,123.033,103.709,0.040,10.008,15.133,0.445,50.844,0.000,0.000,0.000,0.000,0.000,0.000,0.000,29.000,2.000,2024.000,9.000,7.000,1.000
6.000,419.636,1007.856,12.460,1.229,983.529,40.002,456570.154,0.000,0.000,0.000,0.000,-4.994,0.000,123.057,0.000,0.043,9.462,15.088,0.000,51.250,123.051,103.837,0.032,11.540,15.113,0.250,50.830,0.000,0.000,0.000,0.000,0.000,0.000,0.000,29.000,2.000,2024.000,9.000,7.000,1.000
6.000,419.636,1007.856,12.460,1.229,983.529,40.002,456570.154,0.000,0.000,0.000,0.000,-4.994,0.000,123.000,0.000,0.052,9.271,15.088,0.000,51.351,123.033,104.597,0.052,13.045,15.113,0.310,50.788,0.000,0.000,0.000,0.000,0.000,0.000,0.000,29.000,2.000,2024.000,9.000,7.000,1.000
6.000,419.636,1007.856,12.460,1.229,983.529,40.002,456570.154,0.000,0.000,0.000,0.000,-4.994,0.000,122.986,0.000,0.039,10.187,15.085,0.000,51.372,123.023,105.528,0.070,11.993,15.131,0.320,50.889,0.000,0.000,0.000,0.000,0.000,0.000,0.000,29.000,2.000,2024.000,9.000,7.000,1.000
6.000,419.642,1007.855,12.460,1.229,983.543,40.002,456573.216,0.000,0.000,0.000,0.000,-4.994,0.000,123.022,0.000,0.017,9.991,15.085,0.000,51.295,123.024,107.059,0.052,13.754,15.131,0.315,50.914,0.000,0.000,0.000,0.000,0.000,0.000,0.000,29.000,2.000,2024.000,9.000,7.000,1.000
6.000,419.642,1007.855,12.460,1.229,983.543,40.002,456573.216,0.000,0.000,0.000,0.000,-4.994,0.000,123.093,0.000,0.028,9.533,15.101,0.000,51.316,123.009,105.375,0.038,14.627,15.134,0.934,50.865,0.000,0.000,0.000,0.000,0.000,0.000,0.000,29.000,2.000,2024.000,9.000,7.000,2.000
6.000,419.648,1007.853,12.460,1.229,983.557,40.002,456576.053,0.000,0.000,0.000,0.000,-4.994,0.000,123.013,0.000,0.023,11.458,15.103,0.000,51.250,123.035,104.381,0.051,12.445,15.134,0.344,50.882,0.000,0.000,0.000,0.000,0.000,0.000,0.000,29.000,2.000,2024.000,9.000,7.000,2.000
6.000,419.648,1007.853,12.460,1.229,983.557,40.002,456576.053,0.000,0.000,0.000,0.000,-4.994,0.000,123.022,0.000,0.051,11.665,15.129,0.000,51.309,123.040,104.083,0.028,17.441,15.145,0.428,50.872,0.000,0.000,0.000,0.000,0.000,0.000,0.000,29.000,2.000,2024.000,9.000,7.000,2.000
6.000,419.653,1007.854,12.460,1.229,983.569,40.002,456579.020,0.000,0.000,0.000,0.000,-4.994,0.000,122.983,0.000,0.034,11.207,15.136,0.000,51.341,123.015,105.936,0.057,12.718,15.147,0.367,50.865,0.000,0.000,0.000,0.000,0.000,0.000,0.000,29.000,2.000,2024.000,9.000,7.000,2.000
6.000,419.653,1007.854,12.460,1.229,983.569,40.002,456579.020,0.000,0.000,0.000,0.000,-4.994,0.000,123.049,0.000,0.051,10.367,15.130,0.000,51.369,122.987,105.147,0.042,11.333,15.156,0.764,50.875,0.000,0.000,0.000,0.000,0.000,0.000,0.000,29.000,2.000,2024.000,9.000,7.000,2.000
6.000,419.648,1007.854,12.460,1.229,983.557,40.002,456576.279,0.000,0.000,0.000,0.000,-4.994,0.000,123.003,0.000,0.059,8.393,15.128,0.000,51.292,123.008,103.925,0.041,9.282,15.160,0.288,50.840,0.000,0.000,0.000,0.000,0.000,0.000,0.000,29.000,2.000,2024.000,9.000,7.000,2.000
6.000,419.648,1007.854,12.460,1.229,983.557,40.002,456576.279,0.000,0.000,0.000,0.000,-4.994,0.000,123.026,0.000,0.066,9.489,15.125,0.000,51.348,123.047,105.615,0.058,9.915,15.163,0.519,50.858,0.000,0.000,0.000,0.000,0.000,0.000,0.000,29.000,2.000,2024.000,9.000,7.000,2.000
6.000,419.626,1007.853,12.460,1.229,983.505,40.001,456563.992,0.000,0.000,0.000,0.000,-4.994,0.000,123.035,0.000,0.030,9.991,15.123,0.000,51.327,123.021,105.058,0.041,9.986,15.164,0.437,50.896,0.000,0.000,0.000,0.000,0.000,0.000,0.000,29.000,2.000,2024.000,9.000,7.000,2.000
6.000,419.626,1007.853,12.460,1.229,983.505,40.001,456563.992,0.000,0.000,0.000,0.000,-4.994,0.000,123.018,0.000,0.053,9.353,15.128,0.000,51.309,123.051,105.807,0.047,9.729,15.165,0.432,50.900,0.000,0.000,0.000,0.000,0.000,0.000,0.000,29.000,2.000,2024.000,9.000,7.000,2.000
6.000,419.642,1007.852,12.460,1.229,983.543,40.002,456572.537,0.000,0.000,0.000,0.000,-4.994,0.000,122.986,0.000,0.047,11.436,15.134,0.000,51.376,123.042,107.322,0.039,10.013,15.167,0.792,50.826,0.000,0.000,0.000,0.000,0.000,0.000,0.000,29.000,2.000,2024.000,9.000,7.000,2.000
6.000,419.642,1007.852,12.460,1.229,983.543,40.002,456572.537,0.000,0.000,0.000,0.000,-4.994,0.000,123.038,0.000,0.029,13.291,15.138,0.000,51.288,123.022,107.452,0.023,10.727,15.171,0.230,50.889,0.000,0.000,0.000,0.000,0.000,0.000,0.000,29.000,2.000,2024.000,9.000,7.000,3.000
6.000,419.642,1007.852,12.460,1.229,983.543,40.002,456572.537,0.000,0.000,0.000,0.000,-4.994,0.000,123.073,0.000,0.051,12.194,15.143,0.000,51.320,123.027,106.274,0.070,9.260,15.179,0.492,50.784,0.000,0.000,0.000,0.000,0.000,0.000,0.000,29.000,2.000,2024.000,9.000,7.000,3.000
6.000,419.632,1007.852,12.460,1.229,983.519,40.001,456567.055,0.000,0.000,0.000,0.000,-4.994,0.000,123.076,0.000,0.029,16.792,15.152,0.000,51.264,123.010,104.645,0.029,10.624,15.179,0.618,50.893,0.000,0.000,0.000,0.000,0.000,0.000,0.000,29.000,2.000,2024.000,9.000,7.000,3.000
6.000,419.632,1007.852,12.460,1.229,983.519,40.001,456567.055,0.000,0.000,0.000,0.000,-4.994,0.000,122.978,0.000,0.051,14.316,15.174,0.000,51.246,123.045,104.778,0.022,9.702,15.180,0.885,50.872,0.000,0.000,0.000,0.000,0.000,0.000,0.000,29.000,2.000,2024.000,9.000,7.000,3.000
6.000,419.626,1007.855,12.460,1.229,983.505,40.001,456564.445,0.000,0.000,0.000,0.000,-4.994,0.000,122.991,0.000,0.043,13.569,15.168,0.000,51.379,123.035,106.925,0.038,9.631,15.180,0.263,50.900,0.000,0.000,0.000,0.000,0.000,0.000,0.000,29.000,2.000,2024.000,9.000,7.000,3.000
6.000,419.626,1007.855,12.460,1.229,983.505,40.001,456564.445,0.000,0.000,0.000,0.000,-4.994,0.000,123.069,0.000,0.030,12.767,15.144,0.000,51.320,123.051,107.152,0.033,9.707,15.180,0.286,50.854,0.000,0.000,0.000,0.000,0.000,0.000,0.000,29.000,2.000,2024.000,9.000,7.000,3.000
6.000,419.608,1007.856,12.460,1.229,983.463,40.000,456554.803,0.000,0.000,0.000,0.000,-4.994,0.000,122.965,0.000,0.058,12.925,15.149,0.000,51.281,123.047,108.106,0.080,10.716,15.183,1.173,50.973,0.000,0.000,0.000,0.000,0.000,0.000,0.000,29.000,2.000,2024.000,9.000,7.000,3.000
6.000,419.608,1007.856,12.460,1.229,983.463,40.000,456554.803,0.000,0.000,0.000,0.000,-4.994,0.000,122.998,0.000,0.037,10.171,15.202,0.000,51.323,123.012,110.109,0.075,11.867,15.206,0.392,50.854,0.000,0.000,0.000,0.000,0.000,0.000,0.000,29.000,2.000,2024.000,9.000,7.000,3.000
6.000,419.615,1007.856,12.460,1.229,983.479,40.001,456558.641,0.000,0.000,0.000,0.000,-4.994,0.000,122.990,0.000,0.027,8.928,15.202,0.000,51.323,123.035,111.105,0.042,9.942,15.206,0.621,50.809,0.000,0.000,0.000,0.000,0.000,0.000,0.000,29.000,2.000,2024.000,9.000,7.000,3.000
6.000,419.615,1007.856,12.460,1.229,983.479,40.001,456558.641,0.000,0.000,0.000,0.000,-4.994,0.000,123.009,0.000,0.046,10.564,15.205,0.000,51.344,123.050,113.536,0.036,14.714,15.218,0.534,50.809,0.000,0.000,0.000,0.000,0.000,0.000,0.000,29.000,2.000,2024.000,9.000,7.000,3.000
6.000,419.619,1007.855,12.460,1.229,983.489,40.001,456560.607,0.000,0.000,0.000,0.000,-4.994,0.000,122.982,0.000,0.014,11.376,15.205,0.000,51.372,123.030,115.282,0.050,12.783,15.218,0.609,50.781,0.000,0.000,0.000,0.000,0.000,0.000,0.000,29.000,2.000,2024.000,9.000,7.000,4.000
6.000,419.619,1007.855,12.460,1.229,983.489,40.001,456560.607,0.000,0.000,0.000,0.000,-4.994,0.000,123.127,0.000,0.111,10.580,15.199,0.000,51.355,123.065,115.344,0.073,12.898,15.229,0.780,50.809,0.000,0.000,0.000,0.000,0.000,0.000,0.000,29.000,2.000,2024.000,9.000,7.000,4.000
6.000,419.613,1007.855,12.460,1.229,983.475,40.000,456557.318,0.000,0.000,0.000,0.000,-4.994,0.000,123.012,0.000,0.038,11.458,15.198,0.000,51.355,123.011,113.848,0.031,17.757,15.230,0.283,50.865,0.000,0.000,0.000,0.000,0.000,0.000,0.000,29.000,2.000,2024.000,9.000,7.000,4.000
6.000,419.613,1007.855,12.460,1.229,983.475,40.000,456557.318,0.000,0.000,0.000,0.000,-4.994,0.000,123.011,0.000,0.013,11.431,15.203,0.000,51.316,123.006,113.789,0.047,13.323,15.239,0.203,50.945,0.000,0.000,0.000,0.000,0.000,0.000,0.000,29.000,2.000,2024.000,9.000,7.000,4.000
6.000,419.613,1007.855,12.460,1.229,983.475,40.000,456557.318,0.000,0.000,0.000,0.000,-4.994,0.000,123.039,0.000,0.044,10.635,15.205,0.000,51.330,123.055,113.845,0.043,12.402,15.241,0.463,50.889,0.000,0.000,0.000,0.000,0.000,0.000,0.000,29.000,2.000,2024.000,9.000,7.000,4.000
6.000,419.625,1007.857,12.480,1.229,983.503,40.002,456523.469,0.000,0.000,0.000,0.000,-4.994,0.000,123.001,0.000,0.048,9.429,15.209,0.000,51.323,123.016,114.170,0.039,17.741,15.234,0.295,50.893,0.000,0.000,0.000,0.000,0.000,0.000,0.000,29.000,2.000,2024.000,9.000,7.000,4.000
6.000,419.625,1007.857,12.480,1.229,983.503,40.002,456523.469,0.000,0.000,0.000,0.000,-4.994,0.000,123.044,0.000,0.063,9.571,15.211,0.000,51.327,123.011,114.283,0.059,10.727,15.231,0.321,50.952,0.000,0.000,0.000,0.000,0.000,0.000,0.000,29.000,2.000,2024.000,9.000,7.000,4.000
6.000,419.627,1007.858,12.480,1.229,983.508,40.002,456524.792,0.000,0.000,0.000,0.000,-4.994,0.000,123.065,0.000,0.071,9.789,15.221,0.000,51.390,123.052,112.791,0.031,10.008,15.231,0.322,50.858,0.000,0.000,0.000,0.000,0.000,0.000,0.000,29.000,2.000,2024.000,9.000,7.000,4.000
6.000,419.627,1007.858,12.480,1.229,983.508,40.002,456524.792,0.000,0.000,0.000,0.000,-4.994,0.000,123.070,0.000,0.071,8.950,15.228,0.000,51.222,123.019,112.279,0.039,9.222,15.232,0.977,50.847,0.000,0.000,0.000,0.000,0.000,0.000,0.000,29.000,2.000,2024.000,9.000,7.000,4.000
6.000,419.626,1007.859,12.480,1.229,983.505,40.002,456524.470,0.000,0.000,0.000,0.000,-4.994,0.000,123.016,0.000,0.054,11.126,15.235,0.000,51.285,123.011,111.485,0.066,10.258,15.242,0.304,50.903,0.000,0.000,0.000,0.000,0.000,0.000,0.000,29.000,2.000,2024.000,9.000,7.000,4.000
6.000,419.626,1007.859,12.480,1.229,983.505,40.002,456524.470,0.000,0.000,0.000,0.000,-4.994,0.000,122.995,0.000,0.044,13.034,15.241,0.000,51.323,123.038,111.875,0.024,10.258,15.252,0.392,50.872,0.000,0.000,0.000,0.000,0.000,0.000,0.000,29.000,2.000,2024.000,9.000,7.000,5.000
6.000,419.616,1007.860,12.480,1.229,983.482,40.002,456519.215,0.000,0.000,0.000,0.000,-4.994,0.000,123.040,0.000,0.054,12.723,15.247,0.000,51.253,123.026,112.949,0.036,9.778,15.254,0.364,50.914,0.000,0.000,0.000,0.000,0.000,0.000,0.000,29.000,2.000,2024.000,9.000,7.000,5.000
6.000,419.616,1007.860,12.480,1.229,983.482,40.002,456519.215,0.000,0.000,0.000,0.000,-4.994,0.000,123.014,0.000,0.041,14.092,15.257,0.000,51.337,123.028,113.023,0.057,10.689,15.257,0.464,50.889,0.000,0.000,0.000,0.000,0.000,0.000,0.000,29.000,2.000,2024.000,9.000,7.000,5.000
6.000,419.618,1007.859,12.480,1.229,983.486,40.002,456520.085,0.000,0.000,0.000,0.000,-4.994,0.000,123.029,0.000,0.047,13.280,15.255,0.000,51.281,123.001,112.158,0.038,9.937,15.259,0.257,50.938,0.000,0.000,0.000,0.000,0.000,0.000,0.000,29.000,2.000,2024.000,9.000,7.000,5.000
6.000,419.618,1007.859,12.480,1.229,983.486,40.002,456520.085,0.000,0.000,0.000,0.000,-4.994,0.000,123.094,0.000,0.032,14.501,15.250,0.000,51.313,123.023,110.462,0.049,9.364,15.265,0.705,50.795,0.000,0.000,0.000,0.000,0.000,0.000,0.000,29.000,2.000,2024.000,9.000,7.000,5.000
6.000,419.626,1007.858,12.480,1.229,983.505,40.002,456524.244,0.000,0.000,0.000,0.000,-4.994,0.000,123.041,0.000,0.024,12.783,15.251,0.000,51.302,123.044,108.735,0.068,10.078,15.266,0.418,50.886,0.000,0.000,0.000,0.000,0.000,0.000,0.000,29.000,2.000,2024.000,9.000,7.000,5.000
6.000,419.626,1007.858,12.480,1.229,983.505,40.002,456524.244,0.000,0.000,0.000,0.000,-4.994,0.000,123.036,0.000,0.038,10.187,15.255,0.000,51.337,123.007,108.623,0.057,9.326,15.267,0.440,50.900,0.000,0.000,0.000,0.000,0.000,0.000,0.000,29.000,2.000,2024.000,9.000,7.000,5.000
6.000,419.624,1007.856,12.480,1.229,983.501,40.002,456522.694,0.000,0.000,0.000,0.000,-4.994,0.000,123.047,0.000,0.050,10.689,15.256,0.000,51.355,123.062,108.454,0.052,10.733,15.269,0.248,50.875,0.000,0.000,0.000,0.000,0.000,0.000,0.000,29.000,2.000,2024.000,9.000,7.000,5.000
6.000,419.624,1007.856,12.480,1.229,983.501,40.002,456522.694,0.000,0.000,0.000,0.000,-4.994,0.000,123.057,0.000,0.050,12.118,15.262,0.000,51.327,122.986,107.838,0.041,11.169,15.284,0.818,50.914,0.000,0.000,0.000,0.000,0.000,0.000,0.000,29.000,2.000,2024.000,9.000,7.000,5.000
6.000,419.624,1007.856,12.480,1.229,983.501,40.002,456522.694,0.000,0.000,0.000,0.000,-4.994,0.000,123.047,0.000,0.066,9.849,15.262,0.000,51.260,123.052,106.806,0.039,10.956,15.284,0.385,50.847,0.000,0.000,0.000,0.000,0.000,0.000,0.000,29.000,2.000,2024.000,9.000,7.000,5.000
6.000,419.645,1007.856,12.480,1.229,983.550,40.003,456534.206,0.000,0.000,0.000,0.000,-4.994,0.000,123.070,0.000,0.091,11.600,15.303,0.000,51.250,123.004,107.010,0.051,12.963,15.293,1.139,50.886,0.000,0.000,0.000,0.000,0.000,0.000,0.000,29.000,2.000,2024.000,9.000,7.000,6.000
6.000,419.645,1007.856,12.480,1.229,983.550,40.003,456534.206,0.000,0.000,0.000,0.000,-4.994,0.000,123.003,0.000,0.093,9.817,15.303,0.000,51.316,123.043,104.774,0.071,12.631,15.293,0.744,50.770,0.000,0.000,0.000,0.000,0.000,0.000,0.000,29.000,2.000,2024.000,9.000,7.000,6.000
6.000,419.674,1007.856,12.480,1.229,983.619,40.005,456550.103,0.000,0.000,0.000,0.000,-4.994,0.000,123.038,0.000,0.058,9.609,15.286,0.000,51.288,122.995,104.823,0.054,13.296,15.296,0.900,50.900,0.000,0.000,0.000,0.000,0.000,0.000,0.000,29.000,2.000,2024.000,9.000,7.000,6.000
6.000,419.674,1007.856,12.480,1.229,983.619,40.005,456550.103,0.000,0.000,0.000,0.000,-4.994,0.000,123.030,0.000,0.046,11.649,15.284,0.000,51.327,123.004,104.418,0.039,10.591,15.296,0.570,50.896,0.000,0.000,0.000,0.000,0.000,0.000,0.000,29.000,2.000,2024.000,9.000,7.000,6.000
6.000,419.694,1007.857,12.480,1.229,983.666,40.006,456561.292,0.000,0.000,0.000,0.000,-4.994,0.000,123.040,0.000,0.062,11.060,15.313,0.000,51.379,123.032,103.682,0.042,11.753,15.299,0.324,50.942,0.000,0.000,0.000,0.000,0.000,0.000,0.000,29.000,2.000,2024.000,9.000,7.000,6.000
6.000,419.694,1007.857,12.480,1.229,983.666,40.006,456561.292,0.000,0.000,0.000,0.000,-4.994,0.000,123.016,0.000,0.024,10.258,15.320,0.000,51.323,123.026,103.333,0.034,11.371,15.300,0.296,50.889,0.000,0.000,0.000,0.000,0.000,0.000,0.000,29.000,2.000,2024.000,9.000,7.000,6.000
6.000,419.733,1007.855,12.480,1.229,983.758,40.008,456582.216,0.000,0.000,0.000,0.000,-4.994,0.000,123.078,0.000,0.047,10.171,15.332,0.000,51.341,123.042,103.662,0.020,9.069,15.300,0.580,50.893,0.000,0.000,0.000,0.000,0.000,0.000,0.000,29.000,2.000,2024.000,9.000,7.000,6.000
6.000,419.733,1007.855,12.480,1.229,983.758,40.008,456582.216,0.000,0.000,0.000,0.000,-4.994,0.000,123.021,0.000,0.062,9.822,15.337,0.000,51.281,123.004,102.266,0.042,9.904,15.300,0.636,50.956,0.000,0.000,0.000,0.000,0.000,0.000,0.000,29.000,2.000,2024.000,9.000,7.000,6.000
6.000,419.739,1007.853,12.480,1.229,983.772,40.008,456585.052,0.000,0.000,0.000,0.000,-4.994,0.000,123.015,0.000,0.046,9.091,15.321,0.000,51.306,123.022,102.714,0.030,10.291,15.318,0.236,50.882,0.000,0.000,0.000,0.000,0.000,0.000,0.000,29.000,2.000,2024.000,9.000,7.000,6.000
6.000,419.739,1007.853,12.480,1.229,983.772,40.008,456585.052,0.000,0.000,0.000,0.000,-4.994,0.000,123.017,0.000,0.059,8.879,15.311,0.000,51.302,123.005,102.059,0.042,10.411,15.329,0.187,50.938,0.000,0.000,0.000,0.000,0.000,0.000,0.000,29.000,2.000,2024.000,9.000,7.000,6.000
6.000,419.761,1007.854,12.480,1.229,983.824,40.009,456597.337,0.000,0.000,0.000,0.000,-4.994,0.000,123.001,0.000,0.068,9.293,15.332,0.000,51.264,123.004,102.748,0.032,10.296,15.334,0.209,50.903,0.000,0.000,0.000,0.000,0.000,0.000,0.000,29.000,2.000,2024.000,9.000,7.000,7.000
6.000,419.761,1007.854,12.480,1.229,983.824,40.009,456597.337,0.000,0.000,0.000,0.000,-4.994,0.000,123.023,0.000,0.050,11.207,15.354,0.000,51.358,123.010,101.433,0.028,9.129,15.339,0.295,50.872,0.000,0.000,0.000,0.000,0.000,0.000,0.000,29.000,2.000,2024.000,9.000,7.000,7.000
6.000,419.761,1007.854,12.480,1.229,983.824,40.009,456597.337,0.000,0.000,0.000,0.000,-4.994,0.000,123.024,0.000,0.033,12.429,15.343,0.000,51.323,123.045,102.193,0.059,10.433,15.345,0.350,50.959,0.000,0.000,0.000,0.000,0.000,0.000,0.000,29.000,2.000,2024.000,9.000,7.000,7.000
6.000,419.785,1007.853,12.480,1.229,983.881,40.010,456610.265,0.000,0.000,0.000,0.000,-4.994,0.000,123.083,0.000,0.114,15.996,15.326,0.000,51.365,123.039,102.317,0.028,9.964,15.353,0.768,50.879,0.000,0.000,0.000,0.000,0.000,0.000,0.000,29.000,2.000,2024.000,9.000,7.000,7.000
6.000,419.785,1007.853,12.480,1.229,983.881,40.010,456610.265,0.000,0.000,0.000,0.000,-4.994,0.000,122.988,0.000,0.067,13.754,15.331,0.000,51.418,123.024,101.678,0.039,9.669,15.359,0.545,50.924,0.000,0.000,0.000,0.000,0.000,0.000,0.000,29.000,2.000,2024.000,9.000,7.000,7.000
6.000,419.813,1007.853,12.480,1.229,983.947,40.012,456625.611,0.000,0.000,0.000,0.000,-4.994,0.000,123.059,0.000,0.041,18.210,15.342,0.000,51.257,122.996,100.653,0.038,9.980,15.372,0.742,50.896,0.000,0.000,0.000,0.000,0.000,0.000,0.000,29.000,2.000,2024.000,9.000,7.000,7.000
6.000,419.813,1007.853,12.480,1.229,983.947,40.012,456625.611,0.000,0.000,0.000,0.000,-4.994,0.000,123.025,0.000,0.058,15.336,15.348,0.000,51.355,122.993,99.001,0.043,9.527,15.371,0.383,50.910,0.000,0.000,0.000,0.000,0.000,0.000,0.000,29.000,2.000,2024.000,9.000,7.000,7.000
6.000,419.818,1007.849,12.480,1.229,983.959,40.012,456627.445,0.000,0.000,0.000,0.000,-4.994,0.000,123.007,0.000,0.045,12.822,15.370,0.000,51.355,123.034,98.746,0.050,9.566,15.366,0.423,50.854,0.000,0.000,0.000,0.000,0.000,0.000,0.000,29.000,2.000,2024.000,9.000,7.000,7.000
6.000,419.818,1007.849,12.480,1.229,983.959,40.012,456627.445,0.000,0.000,0.000,0.000,-4.994,0.000,123.058,0.000,0.076,11.371,15.370,0.000,51.341,123.042,98.924,0.033,10.640,15.363,0.563,50.921,0.000,0.000,0.000,0.000,0.000,0.000,0.000,29.000,2.000,2024.000,9.000,7.000,7.000
6.000,419.831,1007.850,12.480,1.229,983.990,40.012,456634.796,0.000,0.000,0.000,0.000,-4.994,0.000,123.036,0.000,0.062,13.503,15.365,0.000,51.362,123.017,98.952,0.034,10.449,15.333,0.279,50.875,0.000,0.000,0.000,0.000,0.000,0.000,0.000,29.000,2.000,2024.000,9.000,7.000,7.000
6.000,419.831,1007.850,12.480,1.229,983.990,40.012,456634.796,0.000,0.000,0.000,0.000,-4.994,0.000,123.025,0.000,0.069,9.571,15.365,0.000,51.316,123.062,98.669,0.014,14.501,15.333,0.653,50.893,0.000,0.000,0.000,0.000,0.000,0.000,0.000,29.000,2.000,2024.000,9.000,7.000,8.000
6.000,419.815,1007.847,12.480,1.229,983.952,40.012,456625.348,0.000,0.000,0.000,0.000,-4.994,0.000,123.007,0.000,0.021,9.162,15.385,0.000,51.351,123.044,100.431,0.038,14.856,15.370,0.434,50.882,0.000,0.000,0.000,0.000,0.000,0.000,0.000,29.000,2.000,2024.000,9.000,7.000,8.000
6.000,419.815,1007.847,12.480,1.229,983.952,40.012,456625.348,0.000,0.000,0.000,0.000,-4.994,0.000,123.039,0.000,0.063,10.068,15.385,0.000,51.316,123.028,100.191,0.065,13.574,15.370,0.495,51.029,0.000,0.000,0.000,0.000,0.000,0.000,0.000,29.000,2.000,2024.000,9.000,7.000,8.000
6.000,419.809,1007.846,12.480,1.229,983.938,40.011,456621.833,0.000,0.000,0.000,0.000,-4.994,0.000,123.016,0.000,0.121,10.678,15.386,0.000,51.229,123.060,100.068,0.086,10.346,15.372,1.159,50.819,0.000,0.000,0.000,0.000,0.000,0.000,0.000,29.000,2.000,2024.000,9.000,7.000,8.000
6.000,419.809,1007.846,12.480,1.229,983.938,40.011,456621.833,0.000,0.000,0.000,0.000,-4.994,0.000,123.043,0.000,0.058,10.597,15.386,0.000,51.239,123.051,102.194,0.084,10.357,15.372,0.600,50.802,0.000,0.000,0.000,0.000,0.000,0.000,0.000,29.000,2.000,2024.000,9.000,7.000,8.000
6.000,419.809,1007.846,12.480,1.229,983.938,40.011,456621.833,0.000,0.000,0.000,0.000,-4.994,0.000,123.039,0.000,0.048,10.973,15.409,0.000,51.267,123.010,101.912,0.039,16.999,15.378,0.550,50.889,0.000,0.000,0.000,0.000,0.000,0.000,0.000,29.000,2.000,2024.000,9.000,7.000,8.000
6.000,419.781,1007.844,12.480,1.229,983.871,40.010,456606.034,0.000,0.000,0.000,0.000,-4.994,0.000,122.992,0.000,0.047,11.071,15.414,0.000,51.302,123.062,102.464,0.048,11.616,15.380,0.867,50.798,0.000,0.000,0.000,0.000,0.000,0.000,0.000,29.000,2.000,2024.000,9.000,7.000,8.000
6.000,419.781,1007.844,12.480,1.229,983.871,40.010,456606.034,0.000,0.000,0.000,0.000,-4.994,0.000,123.015,0.000,0.059,9.806,15.401,0.000,51.302,123.054,104.979,0.060,11.311,15.405,0.504,50.851,0.000,0.000,0.000,0.000,0.000,0.000,0.000,29.000,2.000,2024.000,9.000,7.000,8.000
6.000,419.748,1007.844,12.480,1.229,983.793,40.009,456587.946,0.000,0.000,0.000,0.000,-4.994,0.000,123.031,0.000,0.049,9.500,15.395,0.000,51.320,123.046,105.860,0.073,16.143,15.416,0.564,50.903,0.000,0.000,0.000,0.000,0.000,0.000,0.000,29.000,2.000,2024.000,9.000,7.000,8.000
6.000,419.748,1007.844,12.480,1.229,983.793,40.009,456587.946,0.000,0.000,0.000,0.000,-4.994,0.000,122.993,0.000,0.055,9.173,15.407,0.000,51.348,123.001,106.373,0.050,10.269,15.400,0.458,50.907,0.000,0.000,0.000,0.000,0.000,0.000,0.000,29.000,2.000,2024.000,9.000,7.000,8.000
6.000,419.742,1007.845,12.480,1.229,983.779,40.008,456584.884,0.000,0.000,0.000,0.000,-4.994,0.000,122.985,0.000,0.030,8.753,15.415,0.000,51.358,122.998,107.253,0.034,9.664,15.390,0.194,50.956,0.000,0.000,0.000,0.000,0.000,0.000,0.000,29.000,2.000,2024.000,9.000,7.000,9.000
6.000,419.742,1007.845,12.480,1.229,983.779,40.008,456584.884,0.000,0.000,0.000,0.000,-4.994,0.000,123.020,0.000,0.029,12.271,15.424,0.000,51.348,123.002,107.461,0.034,10.302,15.404,0.233,50.893,0.000,0.000,0.000,0.000,0.000,0.000,0.000,29.000,2.000,2024.000,9.000,7.000,9.000
6.000,419.736,1007.844,12.480,1.229,983.765,40.008,456581.369,0.000,0.000,0.000,0.000,-4.994,0.000,122.937,0.000,0.065,11.284,15.433,0.000,51.337,123.011,108.609,0.048,10.389,15.419,0.976,50.865,0.000,0.000,0.000,0.000,0.000,0.000,0.000,29.000,2.000,2024.000,9.000,7.000,9.000
6.000,419.736,1007.844,12.480,1.229,983.765,40.008,456581.369,0.000,0.000,0.000,0.000,-4.994,0.000,123.025,0.000,0.037,12.396,15.434,0.000,51.313,123.022,109.315,0.020,10.198,15.415,0.181,50.886,0.000,0.000,0.000,0.000,0.000,0.000,0.000,29.000,2.000,2024.000,9.000,7.000,9.000
6.000,419.712,1007.844,12.480,1.229,983.708,40.007,456568.214,0.000,0.000,0.000,0.000,-4.994,0.000,123.002,0.000,0.026,14.016,15.435,0.000,51.348,123.022,109.549,0.045,10.258,15.410,0.271,50.840,0.000,0.000,0.000,0.000,0.000,0.000,0.000,29.000,2.000,2024.000,9.000,7.000,9.000
6.000,419.712,1007.844,12.480,1.229,983.708,40.007,456568.214,0.000,0.000,0.000,0.000,-4.994,0.000,123.010,0.000,0.047,18.651,15.441,0.000,51.365,123.046,111.133,0.026,9.773,15.415,0.481,50.882,0.000,0.000,0.000,0.000,0.000,0.000,0.000,29.000,2.000,2024.000,9.000,7.000,9.000
6.000,419.693,1007.844,12.480,1.229,983.664,40.006,456557.800,0.000,0.000,0.000,0.000,-4.994,0.000,123.047,0.000,0.055,13.530,15.457,0.000,51.383,123.045,111.805,0.039,9.446,15.428,0.257,50.833,0.000,0.000,0.000,0.000,0.000,0.000,0.000,29.000,2.000,2024.000,9.000,7.000,9.000
6.000,419.693,1007.844,12.480,1.229,983.664,40.006,456557.800,0.000,0.000,0.000,0.000,-4.994,0.000,123.040,0.000,0.054,11.878,15.461,0.000,51.400,123.044,110.960,0.080,9.860,15.431,0.170,50.879,0.000,0.000,0.000,0.000,0.000,0.000,0.000,29.000,2.000,2024.000,9.000,7.000,9.000
6.000,419.668,1007.845,12.480,1.229,983.605,40.005,456544.322,0.000,0.000,0.000,0.000,-4.994,0.000,123.082,0.000,0.066,16.034,15.476,0.000,51.355,122.995,109.825,0.042,10.171,15.443,1.135,50.872,0.000,0.000,0.000,0.000,0.000,0.000,0.000,29.000,2.000,2024.000,9.000,7.000,9.000
6.000,419.668,1007.845,12.480,1.229,983.605,40.005,456544.322,0.000,0.000,0.000,0.000,-4.994,0.000,123.068,0.000,0.049,11.513,15.476,0.000,51.330,123.011,107.285,0.056,9.729,15.441,0.511,50.882,0.000,0.000,0.000,0.000,0.000,0.000,0.000,29.000,2.000,2024.000,9.000,7.000,9.000
6.000,419.668,1007.845,12.480,1.229,983.605,40.005,456544.322,0.000,0.000,0.000,0.000,-4.994,0.000,122.966,0.000,0.029,9.020,15.485,0.000,51.285,123.041,107.482,0.032,12.162,15.425,0.854,50.837,0.000,0.000,0.000,0.000,0.000,0.000,0.000,29.000,2.000,2024.000,9.000,7.000,10.000
6.000,419.638,1007.843,12.480,1.229,983.534,40.003,456527.425,0.000,0.000,0.000,0.000,-4.994,0.000,123.027,0.000,0.032,9.620,15.485,0.000,51.362,123.032,109.350,0.019,12.549,15.425,0.286,50.886,0.000,0.000,0.000,0.000,0.000,0.000,0.000,29.000,2.000,2024.000,9.000,7.000,10.000
6.000,419.638,1007.843,12.480,1.229,983.534,40.003,456527.425,0.000,0.000,0.000,0.000,-4.994,0.000,123.015,0.000,0.038,10.073,15.490,0.000,51.316,123.018,109.754,0.052,11.993,15.442,0.366,50.816,0.000,0.000,0.000,0.000,0.000,0.000,0.000,29.000,2.000,2024.000,9.000,7.000,10.000
6.000,419.640,1007.842,12.480,1.229,983.538,40.003,456528.294,0.000,0.000,0.000,0.000,-4.994,0.000,123.058,0.000,0.049,9.817,15.490,0.000,51.309,123.012,108.486,0.033,13.705,15.442,0.699,50.914,0.000,0.000,0.000,0.000,0.000,0.000,0.000,29.000,2.000,2024.000,9.000,7.000,10.000
6.000,419.640,1007.842,12.480,1.229,983.538,40.003,456528.294,0.000,0.000,0.000,0.000,-4.994,0.000,123.056,0.000,0.093,11.120,15.474,0.000,51.274,123.001,107.685,0.042,14.321,15.462,0.948,50.872,0.000,0.000,0.000,0.000,0.000,0.000,0.000,29.000,2.000,2024.000,9.000,7.000,10.000
6.000,419.616,1007.843,12.480,1.229,983.482,40.002,456515.364,0.000,0.000,0.000,0.000,-4.994,0.000,123.010,0.000,0.047,11.545,15.472,0.000,51.285,122.998,105.315,0.043,12.391,15.464,0.247,50.963,0.000,0.000,0.000,0.000,0.000,0.000,0.000,29.000,2.000,2024.000,9.000,7.000,10.000
6.000,419.616,1007.843,12.480,1.229,983.482,40.002,456515.364,0.000,0.000,0.000,0.000,-4.994,0.000,123.064,0.000,0.071,10.182,15.513,0.000,51.204,123.009,105.111,0.042,11.311,15.474,0.882,50.963,0.000,0.000,0.000,0.000,0.000,0.000,0.000,29.000,2.000,2024.000,9.000,7.000,10.000
6.000,419.574,1007.844,12.480,1.229,983.382,40.000,456492.566,0.000,0.000,0.000,0.000,-4.994,0.000,123.022,0.000,0.031,10.738,15.523,0.000,51.316,123.033,104.014,0.040,10.978,15.477,0.302,50.886,0.000,0.000,0.000,0.000,0.000,0.000,0.000,29.000,2.000,2024.000,9.000,7.000,10.000
6.000,419.574,1007.844,12.480,1.229,983.382,40.000,456492.566,0.000,0.000,0.000,0.000,-4.994,0.000,123.053,0.000,0.059,9.849,15.508,0.000,51.281,123.023,103.692,0.045,13.492,15.474,0.490,50.886,0.000,0.000,0.000,0.000,0.000,0.000,0.000,29.000,2.000,2024.000,9.000,7.000,10.000
6.000,419.576,1007.843,12.500,1.229,983.387,40.002,456452.565,0.000,0.000,0.000,0.000,-4.994,0.000,123.065,0.000,0.024,9.211,15.501,0.000,51.313,123.012,102.535,0.058,8.982,15.472,0.730,50.819,0.000,0.000,0.000,0.000,0.000,0.000,0.000,29.000,2.000,2024.000,9.000,7.000,10.000
6.000,419.576,1007.843,12.500,1.229,983.387,40.002,456452.565,0.000,0.000,0.000,0.000,-4.994,0.000,123.045,0.000,0.026,9.271,15.505,0.000,51.362,123.063,102.163,0.044,10.018,15.484,0.171,50.889,0.000,0.000,0.000,0.000,0.000,0.000,0.000,29.000,2.000,2024.000,9.000,7.000,11.000
6.000,419.583,1007.844,12.480,1.229,983.404,40.001,456497.500,0.000,0.000,0.000,0.000,-4.994,0.000,123.007,0.000,0.039,9.789,15.508,0.000,51.309,123.034,102.647,0.029,11.202,15.492,0.334,50.907,0.000,0.000,0.000,0.000,0.000,0.000,0.000,29.000,2.000,2024.000,9.000,7.000,11.000
6.000,419.583,1007.844,12.480,1.229,983.404,40.001,456497.500,0.000,0.000,0.000,0.000,-4.994,0.000,123.016,0.000,0.064,10.373,15.533,0.000,51.355,123.033,103.576,0.043,10.673,15.498,0.250,50.924,0.000,0.000,0.000,0.000,0.000,0.000,0.000,29.000,2.000,2024.000,9.000,7.000,11.000
6.000,419.583,1007.844,12.480,1.229,983.404,40.001,456497.500,0.000,0.000,0.000,0.000,-4.994,0.000,123.012,0.000,0.085,11.698,15.557,0.000,51.421,123.027,104.197,0.045,10.346,15.504,0.541,50.938,0.000,0.000,0.000,0.000,0.000,0.000,0.000,29.000,2.000,2024.000,9.000,7.000,11.000
6.000,419.588,1007.842,12.480,1.229,983.416,40.001,456499.788,0.000,0.000,0.000,0.000,-4.994,0.000,123.005,0.000,0.034,13.836,15.552,0.000,51.372,123.037,105.931,0.032,9.828,15.502,0.298,50.917,0.000,0.000,0.000,0.000,0.000,0.000,0.000,29.000,2.000,2024.000,9.000,7.000,11.000
6.000,419.588,1007.842,12.480,1.229,983.416,40.001,456499.788,0.000,0.000,0.000,0.000,-4.994,0.000,123.006,0.000,0.067,12.778,15.544,0.000,51.316,123.028,106.608,0.053,10.013,15.500,0.505,50.928,0.000,0.000,0.000,0.000,0.000,0.000,0.000,29.000,2.000,2024.000,9.000,7.000,11.000
6.000,419.586,1007.842,12.480,1.229,983.411,40.001,456498.692,0.000,0.000,0.000,0.000,-4.994,0.000,123.055,0.000,0.061,15.565,15.548,0.000,51.404,123.020,107.208,0.031,10.340,15.506,0.400,50.896,0.000,0.000,0.000,0.000,0.000,0.000,0.000,29.000,2.000,2024.000,9.000,7.000,11.000
6.000,419.586,1007.842,12.480,1.229,983.411,40.001,456498.692,0.000,0.000,0.000,0.000,-4.994,0.000,122.971,0.000,0.061,12.767,15.556,0.000,51.421,123.055,106.969,0.046,10.095,15.520,1.254,50.882,0.000,0.000,0.000,0.000,0.000,0.000,0.000,29.000,2.000,2024.000,9.000,7.000,11.000
6.000,419.557,1007.843,12.480,1.229,983.342,39.999,456483.020,0.000,0.000,0.000,0.000,-4.994,0.000,123.025,0.000,0.099,17.763,15.563,0.000,51.383,123.033,109.916,0.035,10.106,15.520,0.533,50.865,0.000,0.000,0.000,0.000,0.000,0.000,0.000,29.000,2.000,2024.000,9.000,7.000,11.000
6.000,419.557,1007.843,12.480,1.229,983.342,39.999,456483.020,0.000,0.000,0.000,0.000,-4.994,0.000,123.043,0.000,0.027,12.663,15.589,0.000,51.327,123.021,109.106,0.035,9.926,15.519,0.192,50.921,0.000,0.000,0.000,0.000,0.000,0.000,0.000,29.000,2.000,2024.000,9.000,7.000,11.000
6.000,419.532,1007.843,12.500,1.229,983.283,40.000,456428.446,0.000,0.000,0.000,0.000,-4.994,0.000,122.987,0.000,0.044,10.531,15.585,0.000,51.379,123.024,109.813,0.041,10.793,15.521,0.476,50.956,0.000,0.000,0.000,0.000,0.000,0.000,0.000,29.000,2.000,2024.000,9.000,7.000,12.000
6.000,419.532,1007.843,12.500,1.229,983.283,40.000,456428.446,0.000,0.000,0.000,0.000,-4.994,0.000,123.053,0.000,0.034,9.424,15.551,0.000,51.264,123.000,109.005,0.029,12.445,15.536,0.685,50.945,0.000,0.000,0.000,0.000,0.000,0.000,0.000,29.000,2.000,2024.000,9.000,7.000,12.000
6.000,419.513,1007.843,12.480,1.229,983.238,39.997,456458.898,0.000,0.000,0.000,0.000,-4.994,0.000,123.013,0.000,0.035,9.446,15.551,0.000,51.320,123.047,108.765,0.046,10.204,15.536,0.619,50.893,0.000,0.000,0.000,0.000,0.000,0.000,0.000,29.000,2.000,2024.000,9.000,7.000,12.000
6.000,419.513,1007.843,12.480,1.229,983.238,39.997,456458.898,0.000,0.000,0.000,0.000,-4.994,0.000,123.000,0.000,0.039,9.942,15.562,0.000,51.334,123.038,110.209,0.053,12.271,15.525,0.555,50.809,0.000,0.000,0.000,0.000,0.000,0.000,0.000,29.000,2.000,2024.000,9.000,7.000,12.000
6.000,419.496,1007.844,12.500,1.229,983.198,39.998,456408.937,0.000,0.000,0.000,0.000,-4.994,0.000,123.040,0.000,0.078,11.660,15.562,0.000,51.355,123.017,110.205,0.038,11.322,15.525,0.660,50.952,0.000,0.000,0.000,0.000,0.000,0.000,0.000,29.000,2.000,2024.000,9.000,7.000,12.000
6.000,419.496,1007.844,12.500,1.229,983.198,39.998,456408.937,0.000,0.000,0.000,0.000,-4.994,0.000,123.021,0.000,0.050,11.938,15.577,0.000,51.404,123.066,111.277,0.030,13.072,15.548,0.432,50.854,0.000,0.000,0.000,0.000,0.000,0.000,0.000,29.000,2.000,2024.000,9.000,7.000,12.000
6.000,419.496,1007.844,12.500,1.229,983.198,39.998,456408.937,0.000,0.000,0.000,0.000,-4.994,0.000,123.006,0.000,0.038,10.755,15.579,0.000,51.355,123.011,111.378,0.048,15.543,15.550,0.427,50.963,0.000,0.000,0.000,0.000,0.000,0.000,0.000,29.000,2.000,2024.000,9.000,7.000,12.000
6.000,419.509,1007.845,12.500,1.229,983.229,39.998,456416.290,0.000,0.000,0.000,0.000,-4.994,0.000,123.098,0.000,0.087,10.575,15.579,0.000,51.369,123.020,111.459,0.056,12.271,15.536,1.258,50.844,0.000,0.000,0.000,0.000,0.000,0.000,0.000,29.000,2.000,2024.000,9.000,7.000,12.000
6.000,419.509,1007.845,12.500,1.229,983.229,39.998,456416.290,0.000,0.000,0.000,0.000,-4.994,0.000,123.015,0.000,0.062,10.024,15.578,0.000,51.292,123.032,109.607,0.030,12.887,15.533,0.231,50.917,0.000,0.000,0.000,0.000,0.000,0.000,0.000,29.000,2.000,2024.000,9.000,7.000,12.000
