106.000,417.241,1007.171,13.960,1.222,977.872,40.005,452063.530,0.000,0.000,0.000,0.000,-1.994,-0.005,123.012,0.000,0.041,11.164,24.720,0.000,51.512,123.021,38.575,0.047,11.164,24.924,0.358,51.698,0.000,0.000,0.000,0.000,0.000,0.000,0.000,29.000,2.000,2024.000,11.000,3.000,23.000
106.000,417.241,1007.171,13.960,1.222,977.872,40.005,452063.530,0.000,0.000,0.000,0.000,-1.994,-0.005,123.085,0.000,0.062,9.118,24.724,0.000,51.446,123.104,39.204,0.048,9.986,24.926,0.399,51.631,0.000,0.000,0.000,0.000,0.000,0.000,0.000,29.000,2.000,2024.000,11.000,3.000,23.000
106.000,417.264,1007.168,13.960,1.222,977.927,40.006,452075.412,0.000,0.000,0.000,0.000,-1.994,-0.005,122.993,0.000,0.050,10.384,24.737,0.000,51.449,122.996,39.545,0.046,11.131,24.934,0.361,51.621,0.000,0.000,0.000,0.000,0.000,0.000,0.000,29.000,2.000,2024.000,11.000,3.000,23.000
106.000,417.264,1007.168,13.960,1.222,977.927,40.006,452075.412,0.000,0.000,0.000,0.000,-1.994,-0.005,123.029,0.000,0.058,10.700,24.737,0.000,51.463,123.005,39.438,0.042,9.691,24.935,0.541,51.635,0.000,0.000,0.000,0.000,0.000,0.000,0.000,29.000,2.000,2024.000,11.000,3.000,24.000
106.000,417.251,1007.169,13.960,1.222,977.896,40.005,452068.540,0.000,0.000,0.000,0.000,-1.994,-0.005,123.059,0.000,0.055,10.891,24.738,0.000,51.460,123.028,37.362,0.030,9.500,24.949,0.537,51.582,0.000,0.000,0.000,0.000,0.000,0.000,0.000,29.000,2.000,2024.000,11.000,3.000,24.000
106.000,417.251,1007.169,13.960,1.222,977.896,40.005,452068.540,0.000,0.000,0.000,0.000,-1.994,-0.005,123.068,0.000,0.047,11.714,24.738,0.000,51.393,123.048,36.630,0.068,10.722,24.949,0.567,51.558,0.000,0.000,0.000,0.000,0.000,0.000,0.000,29.000,2.000,2024.000,11.000,3.000,24.000
106.000,417.251,1007.169,13.960,1.222,977.896,40.005,452068.540,0.000,0.000,0.000,0.000,-1.994,-0.005,123.045,0.000,0.022,11.055,24.735,0.000,51.467,122.991,35.913,0.043,10.160,24.955,0.672,51.698,0.000,0.000,0.000,0.000,0.000,0.000,0.000,29.000,2.000,2024.000,11.000,3.000,24.000
106.000,417.254,1007.168,13.960,1.222,977.903,40.005,452069.953,0.000,0.000,0.000,0.000,-1.994,-0.005,123.002,0.000,0.074,10.307,24.735,0.000,51.439,123.043,35.193,0.030,12.931,24.955,0.628,51.638,0.000,0.000,0.000,0.000,0.000,0.000,0.000,29.000,2.000,2024.000,11.000,3.000,24.000
106.000,417.254,1007.168,13.960,1.222,977.903,40.005,452069.953,0.000,0.000,0.000,0.000,-1.994,-0.005,122.989,0.000,0.032,9.538,24.753,0.000,51.516,123.003,36.805,0.059,12.707,24.941,0.282,51.743,0.000,0.000,0.000,0.000,0.000,0.000,0.000,29.000,2.000,2024.000,11.000,3.000,24.000
106.000,417.228,1007.168,13.960,1.222,977.842,40.004,452055.760,0.000,0.000,0.000,0.000,-1.994,-0.005,123.075,0.000,0.047,9.680,24.755,0.000,51.432,123.023,35.266,0.051,11.180,24.940,0.882,51.652,0.000,0.000,0.000,0.000,0.000,0.000,0.000,29.000,2.000,2024.000,11.000,3.000,24.000
106.000,417.228,1007.168,13.960,1.222,977.842,40.004,452055.760,0.000,0.000,0.000,0.000,-1.994,-0.005,123.030,0.000,0.068,8.889,24.760,0.000,51.558,123.031,35.340,0.057,13.165,24.950,0.648,51.698,0.000,0.000,0.000,0.000,0.000,0.000,0.000,29.000,2.000,2024.000,11.000,3.000,24.000
106.000,417.210,1007.167,13.960,1.222,977.799,40.003,452045.709,0.000,0.000,0.000,0.000,-1.994,-0.005,123.077,0.000,0.078,10.466,24.762,0.000,51.544,123.042,34.071,0.075,10.793,24.952,0.793,51.610,0.000,0.000,0.000,0.000,0.000,0.000,0.000,29.000,2.000,2024.000,11.000,3.000,24.000
106.000,417.210,1007.167,13.960,1.222,977.799,40.003,452045.709,0.000,0.000,0.000,0.000,-1.994,-0.005,123.015,0.000,0.038,12.058,24.747,0.000,51.491,123.041,33.668,0.040,10.264,24.954,0.454,51.642,0.000,0.000,0.000,0.000,0.000,0.000,0.000,29.000,2.000,2024.000,11.000,3.000,24.000
106.000,417.203,1007.170,13.960,1.222,977.783,40.003,452042.560,0.000,0.000,0.000,0.000,-1.994,-0.005,122.996,0.000,0.034,11.382,24.740,0.000,51.432,123.049,35.960,0.049,17.730,24.955,0.709,51.572,0.000,0.000,0.000,0.000,0.000,0.000,0.000,29.000,2.000,2024.000,11.000,3.000,25.000
106.000,417.203,1007.170,13.960,1.222,977.783,40.003,452042.560,0.000,0.000,0.000,0.000,-1.994,-0.005,123.062,0.000,0.084,14.218,24.745,0.000,51.467,123.027,35.374,0.029,11.202,24.962,0.764,51.684,0.000,0.000,0.000,0.000,0.000,0.000,0.000,29.000,2.000,2024.000,11.000,3.000,25.000
106.000,417.205,1007.171,13.960,1.222,977.787,40.003,452043.877,0.000,0.000,0.000,0.000,-1.994,-0.005,123.016,0.000,0.059,13.678,24.749,0.000,51.435,123.044,35.536,0.053,10.700,24.967,0.273,51.649,0.000,0.000,0.000,0.000,0.000,0.000,0.000,29.000,2.000,2024.000,11.000,3.000,25.000
106.000,417.205,1007.171,13.960,1.222,977.787,40.003,452043.877,0.000,0.000,0.000,0.000,-1.994,-0.005,123.047,0.000,0.046,13.438,24.757,0.000,51.502,123.027,35.992,0.039,9.833,24.976,0.234,51.708,0.000,0.000,0.000,0.000,0.000,0.000,0.000,29.000,2.000,2024.000,11.000,3.000,25.000
106.000,417.212,1007.173,13.960,1.222,977.804,40.003,452048.147,0.000,0.000,0.000,0.000,-1.994,-0.005,123.033,0.000,0.066,14.180,24.764,0.000,51.463,122.989,34.770,0.058,9.707,24.986,0.607,51.715,0.000,0.000,0.000,0.000,0.000,0.000,0.000,29.000,2.000,2024.000,11.000,3.000,25.000
106.000,417.212,1007.173,13.960,1.222,977.804,40.003,452048.147,0.000,0.000,0.000,0.000,-1.994,-0.005,123.063,0.000,0.051,11.365,24.766,0.000,51.421,123.062,33.765,0.052,9.331,24.989,0.388,51.554,0.000,0.000,0.000,0.000,0.000,0.000,0.000,29.000,2.000,2024.000,11.000,3.000,25.000
106.000,417.212,1007.173,13.960,1.222,977.804,40.003,452048.147,0.000,0.000,0.000,0.000,-1.994,-0.005,122.980,0.000,0.038,12.827,24.767,0.000,51.470,123.039,35.150,0.029,9.691,24.992,0.747,51.628,0.000,0.000,0.000,0.000,0.000,0.000,0.000,29.000,2.000,2024.000,11.000,3.000,25.000
106.000,417.228,1007.174,13.960,1.222,977.842,40.004,452057.106,0.000,0.000,0.000,0.000,-1.994,-0.005,123.028,0.000,0.031,8.720,24.774,0.000,51.467,123.044,36.119,0.042,10.329,24.996,0.360,51.603,0.000,0.000,0.000,0.000,0.000,0.000,0.000,29.000,2.000,2024.000,11.000,3.000,25.000
106.000,417.228,1007.174,13.960,1.222,977.842,40.004,452057.106,0.000,0.000,0.000,0.000,-1.994,-0.005,123.010,0.000,0.040,10.335,24.791,0.000,51.498,123.031,37.466,0.058,10.864,25.004,0.125,51.649,0.000,0.000,0.000,0.000,0.000,0.000,0.000,29.000,2.000,2024.000,11.000,3.000,25.000
106.000,417.264,1007.174,13.960,1.222,977.927,40.006,452076.759,0.000,0.000,0.000,0.000,-1.994,-0.005,123.021,0.000,0.042,9.457,24.792,0.000,51.432,123.012,37.240,0.048,9.598,25.004,0.176,51.649,0.000,0.000,0.000,0.000,0.000,0.000,0.000,29.000,2.000,2024.000,11.000,3.000,25.000
106.000,417.264,1007.174,13.960,1.222,977.927,40.006,452076.759,0.000,0.000,0.000,0.000,-1.994,-0.005,123.043,0.000,0.054,9.893,24.797,0.000,51.488,123.031,37.498,0.043,9.762,25.007,0.288,51.656,0.000,0.000,0.000,0.000,0.000,0.000,0.000,29.000,2.000,2024.000,11.000,3.000,26.000
106.000,417.282,1007.176,13.960,1.222,977.969,40.006,452087.033,0.000,0.000,0.000,0.000,-1.994,-0.005,122.993,0.000,0.044,10.449,24.795,0.000,51.512,123.018,37.611,0.066,9.620,25.006,0.219,51.652,0.000,0.000,0.000,0.000,0.000,0.000,0.000,29.000,2.000,2024.000,11.000,3.000,26.000
106.000,417.282,1007.176,13.960,1.222,977.969,40.006,452087.033,0.000,0.000,0.000,0.000,-1.994,-0.005,123.076,0.000,0.084,11.889,24.777,0.000,51.544,123.080,38.850,0.038,9.980,25.002,0.492,51.617,0.000,0.000,0.000,0.000,0.000,0.000,0.000,29.000,2.000,2024.000,11.000,3.000,26.000
106.000,417.291,1007.179,13.960,1.222,977.990,40.007,452092.620,0.000,0.000,0.000,0.000,-1.994,-0.005,123.046,0.000,0.013,10.798,24.777,0.000,51.442,123.029,37.679,0.060,10.346,25.002,0.263,51.628,0.000,0.000,0.000,0.000,0.000,0.000,0.000,29.000,2.000,2024.000,11.000,3.000,26.000
106.000,417.291,1007.179,13.960,1.222,977.990,40.007,452092.620,0.000,0.000,0.000,0.000,-1.994,-0.005,123.003,0.000,0.040,10.433,24.801,0.000,51.456,123.053,38.517,0.051,9.849,25.022,0.571,51.544,0.000,0.000,0.000,0.000,0.000,0.000,0.000,29.000,2.000,2024.000,11.000,3.000,26.000
106.000,417.294,1007.179,13.960,1.222,977.997,40.007,452094.257,0.000,0.000,0.000,0.000,-1.994,-0.005,123.052,0.000,0.035,9.975,24.801,0.000,51.432,123.041,39.783,0.057,12.412,25.022,0.293,51.652,0.000,0.000,0.000,0.000,0.000,0.000,0.000,29.000,2.000,2024.000,11.000,3.000,26.000
106.000,417.294,1007.179,13.960,1.222,977.997,40.007,452094.257,0.000,0.000,0.000,0.000,-1.994,-0.005,123.053,0.000,0.036,9.882,24.810,0.000,51.488,122.995,38.150,0.039,11.627,25.024,0.566,51.680,0.000,0.000,0.000,0.000,0.000,0.000,0.000,29.000,2.000,2024.000,11.000,3.000,26.000
106.000,417.294,1007.179,13.960,1.222,977.997,40.007,452094.257,0.000,0.000,0.000,0.000,-1.994,-0.005,123.042,0.000,0.044,9.429,24.811,0.000,51.463,123.081,37.817,0.058,12.571,25.024,0.521,51.617,0.000,0.000,0.000,0.000,0.000,0.000,0.000,29.000,2.000,2024.000,11.000,3.000,26.000
106.000,417.277,1007.182,13.960,1.222,977.957,40.006,452085.651,0.000,0.000,0.000,0.000,-1.994,-0.005,123.044,0.000,0.060,9.937,24.800,0.000,51.505,122.982,37.759,0.053,14.120,25.025,0.858,51.684,0.000,0.000,0.000,0.000,0.000,0.000,0.000,29.000,2.000,2024.000,11.000,3.000,26.000
106.000,417.277,1007.182,13.960,1.222,977.957,40.006,452085.651,0.000,0.000,0.000,0.000,-1.994,-0.005,123.036,0.000,0.087,9.729,24.798,0.000,51.481,123.042,37.176,0.038,14.698,25.026,0.608,51.642,0.000,0.000,0.000,0.000,0.000,0.000,0.000,29.000,2.000,2024.000,11.000,3.000,26.000
106.000,417.296,1007.183,13.960,1.222,978.002,40.007,452096.247,0.000,0.000,0.000,0.000,-1.994,-0.005,123.042,0.000,0.060,10.024,24.817,0.000,51.397,123.021,35.673,0.045,17.070,25.027,0.335,51.659,0.000,0.000,0.000,0.000,0.000,0.000,0.000,29.000,2.000,2024.000,11.000,3.000,27.000
106.000,417.296,1007.183,13.960,1.222,978.002,40.007,452096.247,0.000,0.000,0.000,0.000,-1.994,-0.005,123.045,0.000,0.052,11.136,24.825,0.000,51.456,122.963,34.364,0.044,12.849,25.027,0.999,51.659,0.000,0.000,0.000,0.000,0.000,0.000,0.000,29.000,2.000,2024.000,11.000,3.000,27.000
106.000,417.306,1007.187,13.960,1.222,978.026,40.007,452102.603,0.000,0.000,0.000,0.000,-1.994,-0.005,122.994,0.000,0.094,13.481,24.817,0.000,51.488,123.019,34.488,0.043,10.755,25.035,0.614,51.638,0.000,0.000,0.000,0.000,0.000,0.000,0.000,29.000,2.000,2024.000,11.000,3.000,27.000
106.000,417.306,1007.187,13.960,1.222,978.026,40.007,452102.603,0.000,0.000,0.000,0.000,-1.994,-0.005,123.061,0.000,0.045,12.740,24.813,0.000,51.470,123.033,33.728,0.037,11.349,25.041,0.287,51.621,0.000,0.000,0.000,0.000,0.000,0.000,0.000,29.000,2.000,2024.000,11.000,3.000,27.000
106.000,417.297,1007.188,13.960,1.222,978.005,40.007,452097.915,0.000,0.000,0.000,0.000,-1.994,-0.005,123.024,0.000,0.041,14.223,24.804,0.000,51.488,123.092,34.730,0.013,10.187,25.044,0.855,51.614,0.000,0.000,0.000,0.000,0.000,0.000,0.000,29.000,2.000,2024.000,11.000,3.000,27.000
106.000,417.297,1007.188,13.960,1.222,978.005,40.007,452097.915,0.000,0.000,0.000,0.000,-1.994,-0.005,122.998,0.000,0.051,14.398,24.795,0.000,51.428,122.998,35.503,0.060,10.935,25.047,0.280,51.617,0.000,0.000,0.000,0.000,0.000,0.000,0.000,29.000,2.000,2024.000,11.000,3.000,27.000
106.000,417.291,1007.188,13.960,1.222,977.990,40.007,452094.640,0.000,0.000,0.000,0.000,-1.994,-0.005,123.047,0.000,0.049,13.116,24.810,0.000,51.537,123.010,35.370,0.038,10.078,25.049,0.343,51.691,0.000,0.000,0.000,0.000,0.000,0.000,0.000,29.000,2.000,2024.000,11.000,3.000,27.000
106.000,417.291,1007.188,13.960,1.222,977.990,40.007,452094.640,0.000,0.000,0.000,0.000,-1.994,-0.005,123.030,0.000,0.052,9.293,24.832,0.000,51.467,123.010,34.531,0.017,10.487,25.052,0.464,51.666,0.000,0.000,0.000,0.000,0.000,0.000,0.000,29.000,2.000,2024.000,11.000,3.000,27.000
106.000,417.315,1007.188,13.960,1.222,978.047,40.008,452107.741,0.000,0.000,0.000,0.000,-1.994,-0.005,123.028,0.000,0.023,10.280,24.833,0.000,51.463,122.980,32.994,0.046,10.853,25.061,0.513,51.645,0.000,0.000,0.000,0.000,0.000,0.000,0.000,29.000,2.000,2024.000,11.000,3.000,27.000
106.000,417.315,1007.188,13.960,1.222,978.047,40.008,452107.741,0.000,0.000,0.000,0.000,-1.994,-0.005,123.059,0.000,0.050,10.177,24.837,0.000,51.502,123.058,31.916,0.059,10.585,25.082,0.271,51.631,0.000,0.000,0.000,0.000,0.000,0.000,0.000,29.000,2.000,2024.000,11.000,3.000,27.000
106.000,417.315,1007.188,13.960,1.222,978.047,40.008,452107.741,0.000,0.000,0.000,0.000,-1.994,-0.005,123.052,0.000,0.058,12.276,24.838,0.000,51.509,123.040,32.376,0.054,10.068,25.077,0.371,51.607,0.000,0.000,0.000,0.000,0.000,0.000,0.000,29.000,2.000,2024.000,11.000,3.000,28.000
106.000,417.336,1007.189,13.960,1.222,978.097,40.009,452119.428,0.000,0.000,0.000,0.000,-1.994,-0.005,123.042,0.000,0.049,9.157,24.842,0.000,51.460,123.010,31.200,0.034,10.384,25.061,0.323,51.673,0.000,0.000,0.000,0.000,0.000,0.000,0.000,29.000,2.000,2024.000,11.000,3.000,28.000
106.000,417.336,1007.189,13.960,1.222,978.097,40.009,452119.428,0.000,0.000,0.000,0.000,-1.994,-0.005,123.042,0.000,0.053,11.589,24.844,0.000,51.411,123.051,30.261,0.036,9.533,25.063,0.477,51.663,0.000,0.000,0.000,0.000,0.000,0.000,0.000,29.000,2.000,2024.000,11.000,3.000,28.000
106.000,417.317,1007.190,13.980,1.222,978.052,40.009,452069.044,0.000,0.000,0.000,0.000,-1.994,-0.005,123.014,0.000,0.055,10.591,24.863,0.000,51.474,123.091,32.806,0.044,10.313,25.081,1.007,51.663,0.000,0.000,0.000,0.000,0.000,0.000,0.000,29.000,2.000,2024.000,11.000,3.000,28.000
106.000,417.317,1007.190,13.980,1.222,978.052,40.009,452069.044,0.000,0.000,0.000,0.000,-1.994,-0.005,123.000,0.000,0.036,11.169,24.863,0.000,51.425,123.030,35.158,0.061,9.724,25.081,0.375,51.663,0.000,0.000,0.000,0.000,0.000,0.000,0.000,29.000,2.000,2024.000,11.000,3.000,28.000
106.000,417.341,1007.192,13.960,1.222,978.108,40.009,452122.831,0.000,0.000,0.000,0.000,-1.994,-0.005,122.973,0.000,0.026,11.802,24.861,0.000,51.509,123.044,36.619,0.049,11.207,25.081,0.804,51.635,0.000,0.000,0.000,0.000,0.000,0.000,0.000,29.000,2.000,2024.000,11.000,3.000,28.000
106.000,417.341,1007.192,13.960,1.222,978.108,40.009,452122.831,0.000,0.000,0.000,0.000,-1.994,-0.005,123.039,0.000,0.043,11.071,24.861,0.000,51.491,123.077,38.713,0.065,10.765,25.081,0.391,51.565,0.000,0.000,0.000,0.000,0.000,0.000,0.000,29.000,2.000,2024.000,11.000,3.000,28.000
106.000,417.318,1007.190,13.960,1.222,978.054,40.008,452109.827,0.000,0.000,0.000,0.000,-1.994,-0.005,123.009,0.000,0.026,10.084,24.859,0.000,51.502,123.035,39.970,0.048,10.515,25.106,0.298,51.586,0.000,0.000,0.000,0.000,0.000,0.000,0.000,29.000,2.000,2024.000,11.000,3.000,28.000
106.000,417.318,1007.190,13.960,1.222,978.054,40.008,452109.827,0.000,0.000,0.000,0.000,-1.994,-0.005,123.011,0.000,0.066,10.051,24.859,0.000,51.537,123.065,40.846,0.045,13.214,25.109,0.637,51.593,0.000,0.000,0.000,0.000,0.000,0.000,0.000,29.000,2.000,2024.000,11.000,3.000,28.000
106.000,417.309,1007.190,13.980,1.222,978.033,40.009,452064.677,0.000,0.000,0.000,0.000,-1.994,-0.005,123.022,0.000,0.058,8.944,24.850,0.000,51.418,123.037,42.678,0.022,11.834,25.115,0.307,51.638,0.000,0.000,0.000,0.000,0.000,0.000,0.000,29.000,2.000,2024.000,11.000,3.000,28.000
106.000,417.309,1007.190,13.980,1.222,978.033,40.009,452064.677,0.000,0.000,0.000,0.000,-1.994,-0.005,123.001,0.000,0.043,10.035,24.848,0.000,51.449,123.032,43.303,0.034,13.427,25.116,0.309,51.624,0.000,0.000,0.000,0.000,0.000,0.000,0.000,29.000,2.000,2024.000,11.000,3.000,29.000
106.000,417.302,1007.190,13.960,1.222,978.016,40.007,452101.093,0.000,0.000,0.000,0.000,-1.994,-0.005,123.049,0.000,0.031,11.022,24.861,0.000,51.418,123.038,43.919,0.052,13.978,25.109,0.269,51.691,0.000,0.000,0.000,0.000,0.000,0.000,0.000,29.000,2.000,2024.000,11.000,3.000,29.000
106.000,417.302,1007.190,13.960,1.222,978.016,40.007,452101.093,0.000,0.000,0.000,0.000,-1.994,-0.005,123.049,0.000,0.065,13.465,24.867,0.000,51.460,123.035,42.691,0.048,12.265,25.106,0.646,51.642,0.000,0.000,0.000,0.000,0.000,0.000,0.000,29.000,2.000,2024.000,11.000,3.000,29.000
106.000,417.302,1007.190,13.960,1.222,978.016,40.007,452101.093,0.000,0.000,0.000,0.000,-1.994,-0.005,123.037,0.000,0.044,11.453,24.874,0.000,51.516,123.055,43.474,0.066,13.252,25.114,0.349,51.701,0.000,0.000,0.000,0.000,0.000,0.000,0.000,29.000,2.000,2024.000,11.000,3.000,29.000
106.000,417.279,1007.187,13.980,1.222,977.962,40.007,452047.629,0.000,0.000,0.000,0.000,-1.994,-0.005,123.004,0.000,0.052,13.650,24.879,0.000,51.491,123.051,44.461,0.048,12.598,25.120,0.567,51.568,0.000,0.000,0.000,0.000,0.000,0.000,0.000,29.000,2.000,2024.000,11.000,3.000,29.000
106.000,417.279,1007.187,13.980,1.222,977.962,40.007,452047.629,0.000,0.000,0.000,0.000,-1.994,-0.005,123.040,0.000,0.037,14.485,24.876,0.000,51.544,122.996,44.643,0.035,10.673,25.120,0.806,51.656,0.000,0.000,0.000,0.000,0.000,0.000,0.000,29.000,2.000,2024.000,11.000,3.000,29.000
106.000,417.275,1007.187,13.980,1.222,977.953,40.007,452045.446,0.000,0.000,0.000,0.000,-1.994,-0.005,122.999,0.000,0.066,12.822,24.873,0.000,51.516,123.038,44.334,0.027,11.142,25.120,0.389,51.610,0.000,0.000,0.000,0.000,0.000,0.000,0.000,29.000,2.000,2024.000,11.000,3.000,29.000
106.000,417.275,1007.187,13.980,1.222,977.953,40.007,452045.446,0.000,0.000,0.000,0.000,-1.994,-0.005,123.061,0.000,0.069,18.864,24.884,0.000,51.526,123.018,44.801,0.061,11.496,25.122,0.531,51.687,0.000,0.000,0.000,0.000,0.000,0.000,0.000,29.000,2.000,2024.000,11.000,3.000,29.000
106.000,417.301,1007.187,13.980,1.222,978.014,40.009,452059.638,0.000,0.000,0.000,0.000,-1.994,-0.005,123.037,0.000,0.050,12.827,24.899,0.000,51.386,123.031,43.807,0.053,9.855,25.124,0.279,51.593,0.000,0.000,0.000,0.000,0.000,0.000,0.000,29.000,2.000,2024.000,11.000,3.000,29.000
106.000,417.301,1007.187,13.980,1.222,978.014,40.009,452059.638,0.000,0.000,0.000,0.000,-1.994,-0.005,123.039,0.000,0.065,10.046,24.902,0.000,51.425,123.054,44.929,0.060,10.269,25.124,0.620,51.652,0.000,0.000,0.000,0.000,0.000,0.000,0.000,29.000,2.000,2024.000,11.000,3.000,29.000
106.000,417.308,1007.186,13.980,1.222,978.031,40.009,452063.234,0.000,0.000,0.000,0.000,-1.994,-0.005,123.079,0.000,0.034,9.909,24.907,0.000,51.488,123.010,43.602,0.039,10.547,25.125,0.733,51.659,0.000,0.000,0.000,0.000,0.000,0.000,0.000,29.000,2.000,2024.000,11.000,3.000,30.000
106.000,417.308,1007.186,13.980,1.222,978.031,40.009,452063.234,0.000,0.000,0.000,0.000,-1.994,-0.005,123.000,0.000,0.060,8.737,24.907,0.000,51.481,122.989,41.437,0.050,10.487,25.128,0.200,51.582,0.000,0.000,0.000,0.000,0.000,0.000,0.000,29.000,2.000,2024.000,11.000,3.000,30.000
106.000,417.316,1007.184,13.980,1.222,978.049,40.009,452067.152,0.000,0.000,0.000,0.000,-1.994,-0.005,123.017,0.000,0.037,10.526,24.907,0.000,51.523,123.015,42.269,0.057,10.149,25.143,0.449,51.673,0.000,0.000,0.000,0.000,0.000,0.000,0.000,29.000,2.000,2024.000,11.000,3.000,30.000
106.000,417.316,1007.184,13.980,1.222,978.049,40.009,452067.152,0.000,0.000,0.000,0.000,-1.994,-0.005,123.024,0.000,0.073,10.597,24.907,0.000,51.453,123.042,41.821,0.050,10.220,25.144,0.648,51.579,0.000,0.000,0.000,0.000,0.000,0.000,0.000,29.000,2.000,2024.000,11.000,3.000,30.000
106.000,417.316,1007.184,13.980,1.222,978.049,40.009,452067.152,0.000,0.000,0.000,0.000,-1.994,-0.005,123.061,0.000,0.053,10.782,24.906,0.000,51.404,123.028,41.231,0.044,9.348,25.152,0.337,51.610,0.000,0.000,0.000,0.000,0.000,0.000,0.000,29.000,2.000,2024.000,11.000,3.000,30.000
106.000,417.345,1007.186,13.980,1.222,978.118,40.011,452083.429,0.000,0.000,0.000,0.000,-1.994,-0.005,123.040,0.000,0.053,12.134,24.906,0.000,51.537,123.013,40.800,0.025,9.571,25.152,0.422,51.642,0.000,0.000,0.000,0.000,0.000,0.000,0.000,29.000,2.000,2024.000,11.000,3.000,30.000
106.000,417.345,1007.186,13.980,1.222,978.118,40.011,452083.429,0.000,0.000,0.000,0.000,-1.994,-0.005,123.087,0.000,0.041,10.171,24.894,0.000,51.453,123.032,39.377,0.061,11.584,25.150,0.647,51.635,0.000,0.000,0.000,0.000,0.000,0.000,0.000,29.000,2.000,2024.000,11.000,3.000,30.000
106.000,417.368,1007.188,13.980,1.222,978.172,40.012,452096.431,0.000,0.000,0.000,0.000,-1.994,-0.005,123.015,0.000,0.054,10.187,24.894,0.000,51.435,123.069,39.897,0.047,9.402,25.150,0.804,51.607,0.000,0.000,0.000,0.000,0.000,0.000,0.000,29.000,2.000,2024.000,11.000,3.000,30.000
106.000,417.368,1007.188,13.980,1.222,978.172,40.012,452096.431,0.000,0.000,0.000,0.000,-1.994,-0.005,122.978,0.000,0.039,10.307,24.909,0.000,51.456,123.011,40.900,0.038,12.543,25.160,0.402,51.645,0.000,0.000,0.000,0.000,0.000,0.000,0.000,29.000,2.000,2024.000,11.000,3.000,30.000
106.000,417.364,1007.189,13.980,1.222,978.163,40.012,452094.472,0.000,0.000,0.000,0.000,-1.994,-0.005,123.055,0.000,0.051,10.018,24.911,0.000,51.484,123.017,40.913,0.057,12.107,25.161,0.558,51.610,0.000,0.000,0.000,0.000,0.000,0.000,0.000,29.000,2.000,2024.000,11.000,3.000,30.000
106.000,417.364,1007.189,13.980,1.222,978.163,40.012,452094.472,0.000,0.000,0.000,0.000,-1.994,-0.005,122.992,0.000,0.054,10.111,24.918,0.000,51.477,123.095,42.085,0.037,11.704,25.178,0.975,51.628,0.000,0.000,0.000,0.000,0.000,0.000,0.000,29.000,2.000,2024.000,11.000,3.000,31.000
106.000,417.384,1007.190,13.980,1.222,978.210,40.012,452105.612,0.000,0.000,0.000,0.000,-1.994,-0.005,123.059,0.000,0.041,9.609,24.920,0.000,51.477,123.055,44.611,0.051,13.481,25.182,0.406,51.593,0.000,0.000,0.000,0.000,0.000,0.000,0.000,29.000,2.000,2024.000,11.000,3.000,31.000
106.000,417.384,1007.190,13.980,1.222,978.210,40.012,452105.612,0.000,0.000,0.000,0.000,-1.994,-0.005,123.020,0.000,0.074,12.129,24.930,0.000,51.505,123.017,43.058,0.106,12.053,25.180,0.333,51.460,0.000,0.000,0.000,0.000,0.000,0.000,0.000,29.000,2.000,2024.000,11.000,3.000,31.000
106.000,417.401,1007.191,13.980,1.222,978.250,40.013,452115.115,0.000,0.000,0.000,0.000,-1.994,-0.005,123.054,0.000,0.062,11.578,24.934,0.000,51.505,123.016,43.707,0.048,16.437,25.179,0.642,51.642,0.000,0.000,0.000,0.000,0.000,0.000,0.000,29.000,2.000,2024.000,11.000,3.000,31.000
106.000,417.401,1007.191,13.980,1.222,978.250,40.013,452115.115,0.000,0.000,0.000,0.000,-1.994,-0.005,122.990,0.000,0.060,13.154,24.949,0.000,51.554,122.991,42.734,0.054,12.598,25.180,0.196,51.698,0.000,0.000,0.000,0.000,0.000,0.000,0.000,29.000,2.000,2024.000,11.000,3.000,31.000
106.000,417.401,1007.191,13.980,1.222,978.250,40.013,452115.115,0.000,0.000,0.000,0.000,-1.994,-0.005,123.039,0.000,0.051,13.067,24.959,0.000,51.463,123.009,42.315,0.026,12.696,25.180,0.399,51.687,0.000,0.000,0.000,0.000,0.000,0.000,0.000,29.000,2.000,2024.000,11.000,3.000,31.000
106.000,417.422,1007.191,13.980,1.222,978.300,40.014,452126.576,0.000,0.000,0.000,0.000,-1.994,-0.005,123.033,0.000,0.047,13.258,24.947,0.000,51.526,123.103,43.309,0.041,16.514,25.192,0.933,51.593,0.000,0.000,0.000,0.000,0.000,0.000,0.000,29.000,2.000,2024.000,11.000,3.000,31.000
106.000,417.422,1007.191,13.980,1.222,978.300,40.014,452126.576,0.000,0.000,0.000,0.000,-1.994,-0.005,123.088,0.000,0.056,14.479,24.934,0.000,51.411,123.049,43.868,0.066,9.135,25.203,0.683,51.593,0.000,0.000,0.000,0.000,0.000,0.000,0.000,29.000,2.000,2024.000,11.000,3.000,31.000
106.000,417.442,1007.192,13.980,1.222,978.347,40.015,452137.715,0.000,0.000,0.000,0.000,-1.994,-0.005,122.984,0.000,0.059,18.695,24.941,0.000,51.495,123.016,43.143,0.035,10.078,25.208,0.265,51.628,0.000,0.000,0.000,0.000,0.000,0.000,0.000,29.000,2.000,2024.000,11.000,3.000,31.000
106.000,417.442,1007.192,13.980,1.222,978.347,40.015,452137.715,0.000,0.000,0.000,0.000,-1.994,-0.005,123.009,0.000,0.060,11.944,24.950,0.000,51.565,123.017,44.186,0.050,13.503,25.214,0.270,51.631,0.000,0.000,0.000,0.000,0.000,0.000,0.000,29.000,2.000,2024.000,11.000,3.000,31.000
106.000,417.473,1007.191,13.980,1.222,978.420,40.017,452154.408,0.000,0.000,0.000,0.000,-1.994,-0.005,123.050,0.000,0.032,18.635,24.955,0.000,51.453,123.046,44.194,0.043,12.527,25.214,0.125,51.600,0.000,0.000,0.000,0.000,0.000,0.000,0.000,29.000,2.000,2024.000,11.000,3.000,32.000
106.000,417.473,1007.191,13.980,1.222,978.420,40.017,452154.408,0.000,0.000,0.000,0.000,-1.994,-0.005,123.017,0.000,0.043,10.984,24.967,0.000,51.446,122.998,43.639,0.044,10.275,25.213,0.395,51.600,0.000,0.000,0.000,0.000,0.000,0.000,0.000,29.000,2.000,2024.000,11.000,3.000,32.000
106.000,417.479,1007.192,13.980,1.222,978.434,40.017,452157.907,0.000,0.000,0.000,0.000,-1.994,-0.005,123.111,0.000,0.035,10.373,24.966,0.000,51.547,123.054,42.360,0.030,11.109,25.210,0.715,51.638,0.000,0.000,0.000,0.000,0.000,0.000,0.000,29.000,2.000,2024.000,11.000,3.000,32.000
106.000,417.479,1007.192,13.980,1.222,978.434,40.017,452157.907,0.000,0.000,0.000,0.000,-1.994,-0.005,123.027,0.000,0.035,9.517,24.963,0.000,51.474,123.087,42.713,0.037,10.367,25.200,0.872,51.638,0.000,0.000,0.000,0.000,0.000,0.000,0.000,29.000,2.000,2024.000,11.000,3.000,32.000
106.000,417.494,1007.191,13.980,1.222,978.470,40.018,452165.868,0.000,0.000,0.000,0.000,-1.994,-0.005,123.062,0.000,0.061,9.446,24.962,0.000,51.488,123.034,43.880,0.071,9.517,25.203,0.716,51.572,0.000,0.000,0.000,0.000,0.000,0.000,0.000,29.000,2.000,2024.000,11.000,3.000,32.000
106.000,417.494,1007.191,13.980,1.222,978.470,40.018,452165.868,0.000,0.000,0.000,0.000,-1.994,-0.005,123.061,0.000,0.086,10.389,24.950,0.000,51.393,123.073,41.587,0.065,9.375,25.223,0.708,51.586,0.000,0.000,0.000,0.000,0.000,0.000,0.000,29.000,2.000,2024.000,11.000,3.000,32.000
106.000,417.534,1007.191,13.980,1.222,978.564,40.020,452187.695,0.000,0.000,0.000,0.000,-1.994,-0.005,123.048,0.000,0.040,10.689,24.950,0.000,51.393,123.005,42.296,0.044,9.887,25.223,0.611,51.600,0.000,0.000,0.000,0.000,0.000,0.000,0.000,29.000,2.000,2024.000,11.000,3.000,32.000
106.000,417.534,1007.191,13.980,1.222,978.564,40.020,452187.695,0.000,0.000,0.000,0.000,-1.994,-0.005,123.043,0.000,0.048,11.529,24.975,0.000,51.463,123.018,40.570,0.042,9.462,25.238,0.476,51.617,0.000,0.000,0.000,0.000,0.000,0.000,0.000,29.000,2.000,2024.000,11.000,3.000,32.000
106.000,417.534,1007.191,13.980,1.222,978.564,40.020,452187.695,0.000,0.000,0.000,0.000,-1.994,-0.005,123.017,0.000,0.050,11.425,24.975,0.000,51.505,123.004,40.790,0.029,9.495,25.238,0.294,51.628,0.000,0.000,0.000,0.000,0.000,0.000,0.000,29.000,2.000,2024.000,11.000,3.000,32.000
106.000,417.530,1007.189,13.980,1.222,978.555,40.020,452185.064,0.000,0.000,0.000,0.000,-1.994,-0.005,123.067,0.000,0.052,11.126,24.992,0.000,51.442,123.017,39.580,0.055,10.613,25.238,0.410,51.624,0.000,0.000,0.000,0.000,0.000,0.000,0.000,29.000,2.000,2024.000,11.000,3.000,32.000
106.000,417.530,1007.189,13.980,1.222,978.555,40.020,452185.064,0.000,0.000,0.000,0.000,-1.994,-0.005,123.042,0.000,0.051,10.651,24.994,0.000,51.372,123.055,38.318,0.069,9.102,25.238,0.502,51.624,0.000,0.000,0.000,0.000,0.000,0.000,0.000,29.000,2.000,2024.000,11.000,3.000,33.000
106.000,417.497,1007.190,13.980,1.222,978.477,40.018,452167.280,0.000,0.000,0.000,0.000,-1.994,-0.005,123.016,0.000,0.066,9.855,24.994,0.000,51.502,123.035,39.136,0.063,12.347,25.249,0.172,51.600,0.000,0.000,0.000,0.000,0.000,0.000,0.000,29.000,2.000,2024.000,11.000,3.000,33.000
106.000,417.497,1007.190,13.980,1.222,978.477,40.018,452167.280,0.000,0.000,0.000,0.000,-1.994,-0.005,122.999,0.000,0.055,9.408,24.994,0.000,51.498,123.060,40.248,0.062,12.434,25.252,0.654,51.582,0.000,0.000,0.000,0.000,0.000,0.000,0.000,29.000,2.000,2024.000,11.000,3.000,33.000
106.000,417.469,1007.190,13.980,1.222,978.411,40.017,452152.001,0.000,0.000,0.000,0.000,-1.994,-0.005,123.020,0.000,0.040,11.938,24.988,0.000,51.540,123.006,42.088,0.069,12.303,25.245,0.480,51.558,0.000,0.000,0.000,0.000,0.000,0.000,0.000,29.000,2.000,2024.000,11.000,3.000,33.000
106.000,417.469,1007.190,13.980,1.222,978.411,40.017,452152.001,0.000,0.000,0.000,0.000,-1.994,-0.005,123.003,0.000,0.065,10.024,24.986,0.000,51.516,122.991,40.566,0.051,14.294,25.242,0.266,51.582,0.000,0.000,0.000,0.000,0.000,0.000,0.000,29.000,2.000,2024.000,11.000,3.000,33.000
106.000,417.444,1007.191,13.980,1.222,978.352,40.015,452138.582,0.000,0.000,0.000,0.000,-1.994,-0.005,123.041,0.000,0.043,11.927,24.986,0.000,51.411,123.037,40.244,0.021,12.402,25.255,0.397,51.610,0.000,0.000,0.000,0.000,0.000,0.000,0.000,29.000,2.000,2024.000,11.000,3.000,33.000
106.000,417.444,1007.191,13.980,1.222,978.352,40.015,452138.582,0.000,0.000,0.000,0.000,-1.994,-0.005,123.011,0.000,0.073,12.080,24.986,0.000,51.386,123.039,41.409,0.084,17.021,25.263,0.213,51.663,0.000,0.000,0.000,0.000,0.000,0.000,0.000,29.000,2.000,2024.000,11.000,3.000,33.000
