24.000,417.894,1007.733,13.520,1.225,979.415,39.994,453433.882,0.000,0.000,0.000,0.000,7.006,0.000,11.078,0.000,0.188,0.038,16.262,0.000,31.962,11.158,-122.512,0.133,0.049,16.775,0.650,31.654,0.000,0.000,0.000,0.000,0.000,0.000,0.000,29.000,2.000,2024.000,9.000,42.000,19.000
24.000,417.894,1007.733,13.520,1.225,979.415,39.994,453433.882,0.000,0.000,0.000,0.000,7.006,0.000,11.144,0.000,0.177,0.044,16.247,0.000,31.973,11.083,-122.667,0.174,0.038,16.727,0.591,31.665,0.000,0.000,0.000,0.000,0.000,0.000,0.000,29.000,2.000,2024.000,9.000,42.000,19.000
24.000,417.940,1007.733,13.520,1.225,979.523,39.996,453459.030,0.000,0.000,0.000,0.000,7.006,0.000,11.137,0.000,0.167,0.038,16.362,0.000,31.983,11.087,-123.864,0.156,0.038,16.801,0.547,31.672,0.000,0.000,0.000,0.000,0.000,0.000,0.000,29.000,2.000,2024.000,9.000,42.000,19.000
24.000,417.940,1007.733,13.520,1.225,979.523,39.996,453459.030,0.000,0.000,0.000,0.000,7.006,0.000,11.038,0.000,0.194,0.038,16.411,0.000,31.994,11.140,-123.293,0.150,0.033,16.832,0.594,31.682,0.000,0.000,0.000,0.000,0.000,0.000,0.000,29.000,2.000,2024.000,9.000,42.000,19.000
24.000,417.948,1007.731,13.520,1.225,979.542,39.997,453462.953,0.000,0.000,0.000,0.000,7.006,0.000,11.144,0.000,0.144,0.044,16.356,0.000,32.004,11.090,-123.361,0.167,0.044,16.911,0.772,31.693,0.000,0.000,0.000,0.000,0.000,0.000,0.000,29.000,2.000,2024.000,9.000,42.000,19.000
24.000,417.948,1007.731,13.520,1.225,979.542,39.997,453462.953,0.000,0.000,0.000,0.000,7.006,0.000,11.090,0.000,0.196,0.038,16.320,0.000,32.036,11.097,-123.210,0.166,0.038,16.963,0.604,31.714,0.000,0.000,0.000,0.000,0.000,0.000,0.000,29.000,2.000,2024.000,9.000,42.000,19.000
24.000,417.963,1007.731,13.520,1.225,979.577,39.998,453471.153,0.000,0.000,0.000,0.000,7.006,0.000,11.050,0.000,0.178,0.038,16.275,0.000,32.046,11.079,-123.309,0.146,0.038,16.855,0.745,31.721,0.000,0.000,0.000,0.000,0.000,0.000,0.000,29.000,2.000,2024.000,9.000,42.000,19.000
24.000,417.963,1007.731,13.520,1.225,979.577,39.998,453471.153,0.000,0.000,0.000,0.000,7.006,0.000,11.122,0.000,0.186,0.038,16.231,0.000,32.057,11.138,-123.237,0.174,0.044,16.747,0.687,31.731,0.000,0.000,0.000,0.000,0.000,0.000,0.000,29.000,2.000,2024.000,9.000,42.000,19.000
24.000,417.934,1007.729,13.520,1.225,979.509,39.996,453454.850,0.000,0.000,0.000,0.000,7.006,0.000,11.157,0.000,0.170,0.033,16.299,0.000,32.067,11.026,-123.899,0.175,0.038,16.780,0.400,31.742,0.000,0.000,0.000,0.000,0.000,0.000,0.000,29.000,2.000,2024.000,9.000,42.000,19.000
24.000,417.934,1007.729,13.520,1.225,979.509,39.996,453454.850,0.000,0.000,0.000,0.000,7.006,0.000,11.119,0.000,0.190,0.038,16.400,0.000,32.078,11.146,-123.963,0.161,0.038,16.829,0.561,31.752,0.000,0.000,0.000,0.000,0.000,0.000,0.000,29.000,2.000,2024.000,9.000,42.000,19.000
24.000,417.934,1007.729,13.520,1.225,979.509,39.996,453454.850,0.000,0.000,0.000,0.000,7.006,0.000,11.113,0.000,0.181,0.038,16.382,0.000,32.088,11.060,-124.286,0.173,0.044,16.874,0.415,31.763,0.000,0.000,0.000,0.000,0.000,0.000,0.000,29.000,2.000,2024.000,9.000,42.000,20.000
24.000,417.934,1007.725,13.500,1.225,979.509,39.995,453494.385,0.000,0.000,0.000,0.000,7.006,0.000,11.138,0.000,0.176,0.038,16.338,0.000,32.095,11.092,-124.586,0.154,0.044,16.978,0.578,31.784,0.000,0.000,0.000,0.000,0.000,0.000,0.000,29.000,2.000,2024.000,9.000,42.000,20.000
24.000,417.934,1007.725,13.500,1.225,979.509,39.995,453494.385,0.000,0.000,0.000,0.000,7.006,0.000,11.070,0.000,0.189,0.038,16.321,0.000,32.106,11.093,-124.232,0.161,0.027,16.931,0.500,31.794,0.000,0.000,0.000,0.000,0.000,0.000,0.000,29.000,2.000,2024.000,9.000,42.000,20.000
24.000,417.947,1007.725,13.500,1.225,979.540,39.996,453501.493,0.000,0.000,0.000,0.000,7.006,0.000,11.132,0.000,0.156,0.038,16.251,0.000,32.116,11.136,-124.900,0.160,0.044,16.742,0.602,31.801,0.000,0.000,0.000,0.000,0.000,0.000,0.000,29.000,2.000,2024.000,9.000,42.000,20.000
24.000,417.947,1007.725,13.500,1.225,979.540,39.996,453501.493,0.000,0.000,0.000,0.000,7.006,0.000,11.115,0.000,0.197,0.038,16.265,0.000,32.127,11.073,-125.082,0.174,0.038,16.749,0.403,31.812,0.000,0.000,0.000,0.000,0.000,0.000,0.000,29.000,2.000,2024.000,9.000,42.000,20.000
24.000,417.941,1007.727,13.500,1.225,979.526,39.995,453498.662,0.000,0.000,0.000,0.000,7.006,0.000,11.090,0.000,0.165,0.038,16.390,0.000,32.134,11.144,-125.023,0.156,0.044,16.809,0.596,31.822,0.000,0.000,0.000,0.000,0.000,0.000,0.000,29.000,2.000,2024.000,9.000,42.000,20.000
24.000,417.941,1007.727,13.500,1.225,979.526,39.995,453498.662,0.000,0.000,0.000,0.000,7.006,0.000,11.153,0.000,0.194,0.038,16.390,0.000,32.155,11.077,-126.319,0.181,0.038,16.809,0.827,31.840,0.000,0.000,0.000,0.000,0.000,0.000,0.000,29.000,2.000,2024.000,9.000,42.000,20.000
24.000,417.918,1007.724,13.520,1.225,979.471,39.996,453444.978,0.000,0.000,0.000,0.000,7.006,0.000,11.100,0.000,0.187,0.038,16.344,0.000,32.165,11.072,-126.186,0.157,0.038,17.008,0.691,31.850,0.000,0.000,0.000,0.000,0.000,0.000,0.000,29.000,2.000,2024.000,9.000,42.000,20.000
24.000,417.918,1007.724,13.520,1.225,979.471,39.996,453444.978,0.000,0.000,0.000,0.000,7.006,0.000,11.115,0.000,0.180,0.038,16.344,0.000,32.176,11.162,-125.765,0.164,0.038,17.008,0.608,31.861,0.000,0.000,0.000,0.000,0.000,0.000,0.000,29.000,2.000,2024.000,9.000,42.000,20.000
24.000,417.935,1007.722,13.500,1.225,979.511,39.995,453494.257,0.000,0.000,0.000,0.000,7.006,0.000,11.150,0.000,0.175,0.038,16.239,0.000,32.186,11.098,-126.281,0.181,0.038,16.773,0.333,31.871,0.000,0.000,0.000,0.000,0.000,0.000,0.000,29.000,2.000,2024.000,9.000,42.000,20.000
24.000,417.935,1007.722,13.500,1.225,979.511,39.995,453494.257,0.000,0.000,0.000,0.000,7.006,0.000,11.093,0.000,0.185,0.038,16.227,0.000,32.197,11.077,-126.233,0.146,0.044,16.747,0.597,31.878,0.000,0.000,0.000,0.000,0.000,0.000,0.000,29.000,2.000,2024.000,9.000,42.000,21.000
24.000,417.958,1007.720,13.520,1.225,979.566,39.998,453465.945,0.000,0.000,0.000,0.000,7.006,0.000,11.092,0.000,0.199,0.038,16.356,0.000,32.207,11.138,-125.992,0.180,0.038,16.797,0.426,31.889,0.000,0.000,0.000,0.000,0.000,0.000,0.000,29.000,2.000,2024.000,9.000,42.000,21.000
24.000,417.958,1007.720,13.520,1.225,979.566,39.998,453465.945,0.000,0.000,0.000,0.000,7.006,0.000,11.108,0.000,0.162,0.038,16.388,0.000,32.214,11.088,-126.097,0.161,0.038,16.810,0.528,31.899,0.000,0.000,0.000,0.000,0.000,0.000,0.000,29.000,2.000,2024.000,9.000,42.000,21.000
24.000,417.958,1007.720,13.520,1.225,979.566,39.998,453465.945,0.000,0.000,0.000,0.000,7.006,0.000,11.125,0.000,0.212,0.044,16.360,0.000,32.225,11.079,-126.703,0.175,0.044,16.934,0.493,31.910,0.000,0.000,0.000,0.000,0.000,0.000,0.000,29.000,2.000,2024.000,9.000,42.000,21.000
24.000,417.985,1007.717,13.520,1.225,979.629,39.999,453480.030,0.000,0.000,0.000,0.000,7.006,0.000,11.099,0.000,0.178,0.038,16.348,0.000,32.246,11.097,-126.764,0.157,0.038,16.987,0.481,31.917,0.000,0.000,0.000,0.000,0.000,0.000,0.000,29.000,2.000,2024.000,9.000,42.000,21.000
24.000,417.985,1007.717,13.520,1.225,979.629,39.999,453480.030,0.000,0.000,0.000,0.000,7.006,0.000,11.113,0.000,0.205,0.033,16.279,0.000,32.256,11.109,-126.904,0.178,0.038,16.825,0.578,31.927,0.000,0.000,0.000,0.000,0.000,0.000,0.000,29.000,2.000,2024.000,9.000,42.000,21.000
24.000,417.974,1007.719,13.520,1.225,979.603,39.998,453474.467,0.000,0.000,0.000,0.000,7.006,0.000,11.116,0.000,0.175,0.038,16.233,0.000,32.267,11.084,-127.305,0.176,0.044,16.717,0.346,31.934,0.000,0.000,0.000,0.000,0.000,0.000,0.000,29.000,2.000,2024.000,9.000,42.000,21.000
24.000,417.974,1007.719,13.520,1.225,979.603,39.998,453474.467,0.000,0.000,0.000,0.000,7.006,0.000,11.088,0.000,0.190,0.038,16.306,0.000,32.284,11.112,-127.328,0.156,0.038,16.763,0.599,31.966,0.000,0.000,0.000,0.000,0.000,0.000,0.000,29.000,2.000,2024.000,9.000,42.000,21.000
24.000,417.985,1007.717,13.520,1.225,979.629,39.999,453480.030,0.000,0.000,0.000,0.000,7.006,0.000,11.103,0.000,0.198,0.038,16.380,0.000,32.295,11.114,-127.278,0.159,0.038,16.810,0.422,31.976,0.000,0.000,0.000,0.000,0.000,0.000,0.000,29.000,2.000,2024.000,9.000,42.000,21.000
24.000,417.985,1007.717,13.520,1.225,979.629,39.999,453480.030,0.000,0.000,0.000,0.000,7.006,0.000,11.118,0.000,0.188,0.038,16.372,0.000,32.305,11.060,-128.133,0.166,0.044,16.884,0.505,31.983,0.000,0.000,0.000,0.000,0.000,0.000,0.000,29.000,2.000,2024.000,9.000,42.000,21.000
24.000,417.993,1007.717,13.520,1.225,979.648,39.999,453484.403,0.000,0.000,0.000,0.000,7.006,0.000,11.098,0.000,0.205,0.038,16.362,0.000,32.312,11.147,-127.631,0.163,0.033,16.995,0.403,31.994,0.000,0.000,0.000,0.000,0.000,0.000,0.000,29.000,2.000,2024.000,9.000,42.000,22.000
24.000,417.993,1007.717,13.520,1.225,979.648,39.999,453484.403,0.000,0.000,0.000,0.000,7.006,0.000,11.113,0.000,0.172,0.038,16.319,0.000,32.323,11.107,-127.605,0.172,0.038,16.925,0.679,32.004,0.000,0.000,0.000,0.000,0.000,0.000,0.000,29.000,2.000,2024.000,9.000,42.000,22.000
24.000,418.019,1007.717,13.520,1.225,979.710,40.001,453498.616,0.000,0.000,0.000,0.000,7.006,0.000,11.119,0.000,0.212,0.038,16.221,0.000,32.333,11.079,-128.394,0.163,0.038,16.762,0.473,32.011,0.000,0.000,0.000,0.000,0.000,0.000,0.000,29.000,2.000,2024.000,9.000,42.000,22.000
24.000,418.019,1007.717,13.520,1.225,979.710,40.001,453498.616,0.000,0.000,0.000,0.000,7.006,0.000,11.122,0.000,0.177,0.038,16.251,0.000,32.344,11.109,-127.883,0.181,0.033,16.767,0.387,32.022,0.000,0.000,0.000,0.000,0.000,0.000,0.000,29.000,2.000,2024.000,9.000,42.000,22.000
24.000,418.000,1007.717,13.520,1.225,979.665,40.000,453488.230,0.000,0.000,0.000,0.000,7.006,0.000,11.135,0.000,0.176,0.033,16.371,0.000,32.351,11.113,-128.388,0.182,0.038,16.788,0.543,32.029,0.000,0.000,0.000,0.000,0.000,0.000,0.000,29.000,2.000,2024.000,9.000,42.000,22.000
24.000,418.000,1007.717,13.520,1.225,979.665,40.000,453488.230,0.000,0.000,0.000,0.000,7.006,0.000,11.127,0.000,0.182,0.038,16.370,0.000,32.361,11.118,-128.830,0.151,0.044,16.806,0.359,32.039,0.000,0.000,0.000,0.000,0.000,0.000,0.000,29.000,2.000,2024.000,9.000,42.000,22.000
24.000,418.000,1007.717,13.520,1.225,979.665,40.000,453488.230,0.000,0.000,0.000,0.000,7.006,0.000,11.097,0.000,0.192,0.038,16.357,0.000,32.372,11.103,-128.289,0.171,0.044,16.974,0.643,32.050,0.000,0.000,0.000,0.000,0.000,0.000,0.000,29.000,2.000,2024.000,9.000,42.000,22.000
24.000,417.992,1007.715,13.520,1.225,979.646,39.999,453483.406,0.000,0.000,0.000,0.000,7.006,0.000,11.135,0.000,0.193,0.038,16.357,0.000,32.379,11.132,-129.386,0.172,0.044,16.974,0.384,32.057,0.000,0.000,0.000,0.000,0.000,0.000,0.000,29.000,2.000,2024.000,9.000,42.000,22.000
24.000,417.992,1007.715,13.520,1.225,979.646,39.999,453483.406,0.000,0.000,0.000,0.000,7.006,0.000,11.110,0.000,0.205,0.022,16.202,0.000,32.410,11.080,-128.416,0.138,0.038,16.762,0.559,32.078,0.000,0.000,0.000,0.000,0.000,0.000,0.000,29.000,2.000,2024.000,9.000,42.000,22.000
24.000,418.021,1007.716,13.520,1.225,979.714,40.001,453499.484,0.000,0.000,0.000,0.000,7.006,0.000,11.078,0.000,0.193,0.044,16.202,0.000,32.421,11.089,-129.145,0.165,0.038,16.762,0.645,32.085,0.000,0.000,0.000,0.000,0.000,0.000,0.000,29.000,2.000,2024.000,9.000,42.000,22.000
24.000,418.021,1007.716,13.520,1.225,979.714,40.001,453499.484,0.000,0.000,0.000,0.000,7.006,0.000,11.104,0.000,0.160,0.038,16.357,0.000,32.428,11.155,-129.226,0.166,0.038,16.771,0.486,32.095,0.000,0.000,0.000,0.000,0.000,0.000,0.000,29.000,2.000,2024.000,9.000,42.000,23.000
24.000,418.040,1007.712,13.520,1.225,979.759,40.002,453508.970,0.000,0.000,0.000,0.000,7.006,0.000,11.133,0.000,0.213,0.038,16.374,0.000,32.438,11.049,-129.483,0.142,0.038,16.772,0.572,32.106,0.000,0.000,0.000,0.000,0.000,0.000,0.000,29.000,2.000,2024.000,9.000,42.000,23.000
24.000,418.040,1007.712,13.520,1.225,979.759,40.002,453508.970,0.000,0.000,0.000,0.000,7.006,0.000,11.127,0.000,0.183,0.044,16.354,0.000,32.449,11.105,-130.192,0.162,0.038,16.954,0.625,32.113,0.000,0.000,0.000,0.000,0.000,0.000,0.000,29.000,2.000,2024.000,9.000,42.000,23.000
24.000,418.055,1007.710,13.520,1.225,979.795,40.002,453516.719,0.000,0.000,0.000,0.000,7.006,0.000,11.103,0.000,0.189,0.033,16.349,0.000,32.459,11.131,-130.303,0.172,0.038,17.000,0.702,32.130,0.000,0.000,0.000,0.000,0.000,0.000,0.000,29.000,2.000,2024.000,9.000,42.000,23.000
24.000,418.055,1007.710,13.520,1.225,979.795,40.002,453516.719,0.000,0.000,0.000,0.000,7.006,0.000,11.144,0.000,0.203,0.038,16.241,0.000,32.466,11.066,-130.479,0.142,0.038,16.835,0.369,32.144,0.000,0.000,0.000,0.000,0.000,0.000,0.000,29.000,2.000,2024.000,9.000,42.000,23.000
24.000,418.067,1007.710,13.520,1.225,979.823,40.003,453523.278,0.000,0.000,0.000,0.000,7.006,0.000,11.048,0.000,0.184,0.038,16.194,0.000,32.477,11.060,-131.002,0.148,0.033,16.765,0.511,32.151,0.000,0.000,0.000,0.000,0.000,0.000,0.000,29.000,2.000,2024.000,9.000,42.000,23.000
24.000,418.067,1007.710,13.520,1.225,979.823,40.003,453523.278,0.000,0.000,0.000,0.000,7.006,0.000,11.154,0.000,0.196,0.038,16.299,0.000,32.487,11.144,-129.966,0.156,0.044,16.775,0.503,32.162,0.000,0.000,0.000,0.000,0.000,0.000,0.000,29.000,2.000,2024.000,9.000,42.000,23.000
24.000,418.045,1007.713,13.520,1.225,979.771,40.002,453511.928,0.000,0.000,0.000,0.000,7.006,0.000,11.109,0.000,0.196,0.038,16.368,0.000,32.494,11.078,-130.872,0.153,0.038,16.781,0.442,32.169,0.000,0.000,0.000,0.000,0.000,0.000,0.000,29.000,2.000,2024.000,9.000,42.000,23.000
24.000,418.045,1007.713,13.520,1.225,979.771,40.002,453511.928,0.000,0.000,0.000,0.000,7.006,0.000,11.083,0.000,0.191,0.038,16.361,0.000,32.505,11.107,-130.673,0.162,0.038,16.885,0.556,32.179,0.000,0.000,0.000,0.000,0.000,0.000,0.000,29.000,2.000,2024.000,9.000,42.000,23.000
24.000,418.045,1007.713,13.520,1.225,979.771,40.002,453511.928,0.000,0.000,0.000,0.000,7.006,0.000,11.073,0.000,0.164,0.038,16.353,0.000,32.522,11.127,-130.755,0.160,0.033,16.988,0.368,32.197,0.000,0.000,0.000,0.000,0.000,0.000,0.000,29.000,2.000,2024.000,9.000,42.000,23.000
24.000,418.061,1007.710,13.520,1.225,979.809,40.003,453519.998,0.000,0.000,0.000,0.000,7.006,0.000,11.148,0.000,0.215,0.038,16.298,0.000,32.533,11.067,-131.642,0.139,0.044,16.898,0.555,32.204,0.000,0.000,0.000,0.000,0.000,0.000,0.000,29.000,2.000,2024.000,9.000,42.000,24.000
24.000,418.061,1007.710,13.520,1.225,979.809,40.003,453519.998,0.000,0.000,0.000,0.000,7.006,0.000,11.098,0.000,0.184,0.044,16.214,0.000,32.540,11.118,-131.909,0.152,0.033,16.763,0.457,32.214,0.000,0.000,0.000,0.000,0.000,0.000,0.000,29.000,2.000,2024.000,9.000,42.000,24.000
24.000,418.098,1007.712,13.520,1.225,979.896,40.005,453540.672,0.000,0.000,0.000,0.000,7.006,0.000,11.113,0.000,0.184,0.033,16.262,0.000,32.550,11.128,-131.824,0.167,0.044,16.757,0.425,32.221,0.000,0.000,0.000,0.000,0.000,0.000,0.000,29.000,2.000,2024.000,9.000,42.000,24.000
24.000,418.098,1007.712,13.520,1.225,979.896,40.005,453540.672,0.000,0.000,0.000,0.000,7.006,0.000,11.135,0.000,0.210,0.033,16.374,0.000,32.568,11.109,-131.376,0.142,0.044,16.743,0.403,32.232,0.000,0.000,0.000,0.000,0.000,0.000,0.000,29.000,2.000,2024.000,9.000,42.000,24.000
24.000,418.101,1007.714,13.520,1.225,979.903,40.005,453542.762,0.000,0.000,0.000,0.000,7.006,0.000,11.092,0.000,0.180,0.038,16.370,0.000,32.582,11.095,-132.035,0.158,0.038,16.792,0.484,32.242,0.000,0.000,0.000,0.000,0.000,0.000,0.000,29.000,2.000,2024.000,9.000,42.000,24.000
24.000,418.101,1007.714,13.520,1.225,979.903,40.005,453542.762,0.000,0.000,0.000,0.000,7.006,0.000,11.113,0.000,0.193,0.038,16.355,0.000,32.589,11.126,-131.853,0.148,0.038,16.988,0.327,32.249,0.000,0.000,0.000,0.000,0.000,0.000,0.000,29.000,2.000,2024.000,9.000,42.000,24.000
24.000,418.089,1007.714,13.520,1.225,979.875,40.004,453536.203,0.000,0.000,0.000,0.000,7.006,0.000,11.110,0.000,0.183,0.038,16.341,0.000,32.599,11.119,-131.839,0.145,0.033,16.965,0.448,32.260,0.000,0.000,0.000,0.000,0.000,0.000,0.000,29.000,2.000,2024.000,9.000,42.000,24.000
24.000,418.089,1007.714,13.520,1.225,979.875,40.004,453536.203,0.000,0.000,0.000,0.000,7.006,0.000,11.080,0.000,0.192,0.038,16.214,0.000,32.606,11.090,-131.795,0.154,0.038,16.754,0.609,32.267,0.000,0.000,0.000,0.000,0.000,0.000,0.000,29.000,2.000,2024.000,9.000,42.000,24.000
24.000,418.098,1007.716,13.520,1.225,979.896,40.004,453541.572,0.000,0.000,0.000,0.000,7.006,0.000,11.067,0.000,0.175,0.044,16.214,0.000,32.617,11.104,-132.834,0.164,0.033,16.754,0.482,32.288,0.000,0.000,0.000,0.000,0.000,0.000,0.000,29.000,2.000,2024.000,9.000,42.000,24.000
24.000,418.098,1007.716,13.520,1.225,979.896,40.004,453541.572,0.000,0.000,0.000,0.000,7.006,0.000,11.117,0.000,0.198,0.033,16.364,0.000,32.624,11.102,-132.336,0.137,0.033,16.738,0.470,32.295,0.000,0.000,0.000,0.000,0.000,0.000,0.000,29.000,2.000,2024.000,9.000,42.000,24.000
24.000,418.113,1007.716,13.520,1.225,979.932,40.005,453549.771,0.000,0.000,0.000,0.000,7.006,0.000,11.092,0.000,0.168,0.038,16.364,0.000,32.641,11.097,-133.363,0.143,0.038,16.738,0.443,32.312,0.000,0.000,0.000,0.000,0.000,0.000,0.000,29.000,2.000,2024.000,9.000,42.000,25.000
24.000,418.113,1007.716,13.520,1.225,979.932,40.005,453549.771,0.000,0.000,0.000,0.000,7.006,0.000,11.099,0.000,0.174,0.038,16.348,0.000,32.652,11.110,-132.949,0.152,0.038,16.976,0.537,32.323,0.000,0.000,0.000,0.000,0.000,0.000,0.000,29.000,2.000,2024.000,9.000,42.000,25.000
24.000,418.113,1007.716,13.520,1.225,979.932,40.005,453549.771,0.000,0.000,0.000,0.000,7.006,0.000,11.177,0.000,0.199,0.044,16.346,0.000,32.659,11.117,-133.747,0.141,0.038,17.003,0.273,32.330,0.000,0.000,0.000,0.000,0.000,0.000,0.000,29.000,2.000,2024.000,9.000,42.000,25.000
24.000,418.111,1007.716,13.520,1.225,979.927,40.005,453548.678,0.000,0.000,0.000,0.000,7.006,0.000,11.076,0.000,0.175,0.038,16.246,0.000,32.669,11.087,-133.969,0.147,0.033,16.812,0.617,32.340,0.000,0.000,0.000,0.000,0.000,0.000,0.000,29.000,2.000,2024.000,9.000,42.000,25.000
24.000,418.111,1007.716,13.520,1.225,979.927,40.005,453548.678,0.000,0.000,0.000,0.000,7.006,0.000,11.113,0.000,0.200,0.033,16.221,0.000,32.680,11.134,-132.801,0.136,0.044,16.764,0.567,32.347,0.000,0.000,0.000,0.000,0.000,0.000,0.000,29.000,2.000,2024.000,9.000,42.000,25.000
24.000,418.108,1007.713,13.520,1.225,979.920,40.005,453546.363,0.000,0.000,0.000,0.000,7.006,0.000,11.136,0.000,0.182,0.033,16.304,0.000,32.687,11.080,-134.511,0.149,0.038,16.747,0.374,32.354,0.000,0.000,0.000,0.000,0.000,0.000,0.000,29.000,2.000,2024.000,9.000,42.000,25.000
24.000,418.108,1007.713,13.520,1.225,979.920,40.005,453546.363,0.000,0.000,0.000,0.000,7.006,0.000,11.060,0.000,0.196,0.044,16.340,0.000,32.697,11.084,-134.158,0.137,0.044,16.739,0.433,32.365,0.000,0.000,0.000,0.000,0.000,0.000,0.000,29.000,2.000,2024.000,9.000,42.000,25.000
24.000,418.129,1007.712,13.520,1.225,979.970,40.006,453557.616,0.000,0.000,0.000,0.000,7.006,0.000,11.124,0.000,0.175,0.038,16.343,0.000,32.708,11.129,-133.801,0.144,0.044,16.886,0.437,32.372,0.000,0.000,0.000,0.000,0.000,0.000,0.000,29.000,2.000,2024.000,9.000,42.000,25.000
24.000,418.129,1007.712,13.520,1.225,979.970,40.006,453557.616,0.000,0.000,0.000,0.000,7.006,0.000,11.158,0.000,0.202,0.038,16.345,0.000,32.725,11.082,-134.819,0.134,0.044,16.984,0.574,32.382,0.000,0.000,0.000,0.000,0.000,0.000,0.000,29.000,2.000,2024.000,9.000,42.000,25.000
24.000,418.154,1007.715,13.520,1.225,980.029,40.007,453571.955,0.000,0.000,0.000,0.000,7.006,0.000,11.044,0.000,0.181,0.033,16.272,0.000,32.736,11.101,-135.187,0.148,0.044,16.879,0.712,32.389,0.000,0.000,0.000,0.000,0.000,0.000,0.000,29.000,2.000,2024.000,9.000,42.000,25.000
24.000,418.154,1007.715,13.520,1.225,980.029,40.007,453571.955,0.000,0.000,0.000,0.000,7.006,0.000,11.108,0.000,0.165,0.038,16.198,0.000,32.743,11.110,-133.736,0.159,0.038,16.774,0.538,32.400,0.000,0.000,0.000,0.000,0.000,0.000,0.000,29.000,2.000,2024.000,9.000,42.000,26.000
24.000,418.154,1007.712,13.520,1.225,980.029,40.007,453571.279,0.000,0.000,0.000,0.000,7.006,0.000,11.134,0.000,0.212,0.044,16.275,0.000,32.753,11.124,-134.608,0.129,0.038,16.747,0.572,32.407,0.000,0.000,0.000,0.000,0.000,0.000,0.000,29.000,2.000,2024.000,9.000,42.000,26.000
24.000,418.154,1007.712,13.520,1.225,980.029,40.007,453571.279,0.000,0.000,0.000,0.000,7.006,0.000,11.074,0.000,0.169,0.038,16.389,0.000,32.771,11.047,-135.007,0.155,0.038,16.707,0.483,32.435,0.000,0.000,0.000,0.000,0.000,0.000,0.000,29.000,2.000,2024.000,9.000,42.000,26.000
24.000,418.140,1007.707,13.520,1.225,979.996,40.007,453562.503,0.000,0.000,0.000,0.000,7.006,0.000,11.143,0.000,0.195,0.038,16.385,0.000,32.778,11.163,-134.751,0.119,0.027,16.796,0.339,32.445,0.000,0.000,0.000,0.000,0.000,0.000,0.000,29.000,2.000,2024.000,9.000,42.000,26.000
24.000,418.140,1007.707,13.520,1.225,979.996,40.007,453562.503,0.000,0.000,0.000,0.000,7.006,0.000,11.114,0.000,0.184,0.033,16.373,0.000,32.788,11.079,-134.987,0.150,0.044,17.005,0.606,32.452,0.000,0.000,0.000,0.000,0.000,0.000,0.000,29.000,2.000,2024.000,9.000,42.000,26.000
24.000,418.159,1007.706,13.520,1.225,980.040,40.008,453572.662,0.000,0.000,0.000,0.000,7.006,0.000,11.104,0.000,0.182,0.038,16.339,0.000,32.795,11.108,-136.366,0.147,0.038,16.959,0.450,32.463,0.000,0.000,0.000,0.000,0.000,0.000,0.000,29.000,2.000,2024.000,9.000,42.000,26.000
24.000,418.159,1007.706,13.520,1.225,980.040,40.008,453572.662,0.000,0.000,0.000,0.000,7.006,0.000,11.126,0.000,0.189,0.033,16.206,0.000,32.806,11.134,-135.986,0.137,0.044,16.773,0.366,32.470,0.000,0.000,0.000,0.000,0.000,0.000,0.000,29.000,2.000,2024.000,9.000,42.000,26.000
24.000,418.159,1007.706,13.520,1.225,980.040,40.008,453572.662,0.000,0.000,0.000,0.000,7.006,0.000,11.102,0.000,0.191,0.038,16.218,0.000,32.816,11.077,-136.232,0.145,0.038,16.766,0.536,32.477,0.000,0.000,0.000,0.000,0.000,0.000,0.000,29.000,2.000,2024.000,9.000,42.000,26.000
24.000,418.189,1007.705,13.520,1.225,980.111,40.009,453588.833,0.000,0.000,0.000,0.000,7.006,0.000,11.092,0.000,0.201,0.038,16.335,0.000,32.823,11.077,-136.205,0.151,0.033,16.700,0.324,32.487,0.000,0.000,0.000,0.000,0.000,0.000,0.000,29.000,2.000,2024.000,9.000,42.000,26.000
24.000,418.189,1007.705,13.520,1.225,980.111,40.009,453588.833,0.000,0.000,0.000,0.000,7.006,0.000,11.117,0.000,0.166,0.044,16.335,0.000,32.830,11.142,-136.661,0.141,0.038,16.700,0.569,32.494,0.000,0.000,0.000,0.000,0.000,0.000,0.000,29.000,2.000,2024.000,9.000,42.000,26.000
24.000,418.175,1007.706,13.520,1.225,980.078,40.008,453581.406,0.000,0.000,0.000,0.000,7.006,0.000,11.119,0.000,0.217,0.044,16.356,0.000,32.841,11.093,-136.063,0.125,0.044,16.994,0.486,32.505,0.000,0.000,0.000,0.000,0.000,0.000,0.000,29.000,2.000,2024.000,9.000,42.000,27.000
24.000,418.175,1007.706,13.520,1.225,980.078,40.008,453581.406,0.000,0.000,0.000,0.000,7.006,0.000,11.094,0.000,0.168,0.038,16.356,0.000,32.848,11.087,-136.568,0.153,0.038,16.994,0.389,32.512,0.000,0.000,0.000,0.000,0.000,0.000,0.000,29.000,2.000,2024.000,9.000,42.000,27.000
24.000,418.169,1007.708,13.520,1.225,980.064,40.008,453578.577,0.000,0.000,0.000,0.000,7.006,0.000,11.145,0.000,0.204,0.033,16.232,0.000,32.869,11.143,-136.725,0.121,0.044,16.793,0.378,32.519,0.000,0.000,0.000,0.000,0.000,0.000,0.000,29.000,2.000,2024.000,9.000,42.000,27.000
24.000,418.169,1007.708,13.520,1.225,980.064,40.008,453578.577,0.000,0.000,0.000,0.000,7.006,0.000,11.087,0.000,0.192,0.038,16.218,0.000,32.879,11.054,-137.149,0.149,0.044,16.770,0.395,32.529,0.000,0.000,0.000,0.000,0.000,0.000,0.000,29.000,2.000,2024.000,9.000,42.000,27.000
24.000,418.170,1007.707,13.520,1.225,980.066,40.008,453578.899,0.000,0.000,0.000,0.000,7.006,0.000,11.086,0.000,0.192,0.038,16.318,0.000,32.893,11.099,-137.585,0.150,0.038,16.704,0.413,32.547,0.000,0.000,0.000,0.000,0.000,0.000,0.000,29.000,2.000,2024.000,9.000,42.000,27.000
24.000,418.170,1007.707,13.520,1.225,980.066,40.008,453578.899,0.000,0.000,0.000,0.000,7.006,0.000,11.081,0.000,0.175,0.033,16.343,0.000,32.904,11.139,-137.010,0.154,0.038,16.688,0.341,32.554,0.000,0.000,0.000,0.000,0.000,0.000,0.000,29.000,2.000,2024.000,9.000,42.000,27.000
24.000,418.205,1007.707,13.520,1.225,980.149,40.010,453598.027,0.000,0.000,0.000,0.000,7.006,0.000,11.133,0.000,0.187,0.038,16.337,0.000,32.911,11.095,-137.083,0.141,0.038,16.895,0.426,32.571,0.000,0.000,0.000,0.000,0.000,0.000,0.000,29.000,2.000,2024.000,9.000,42.000,27.000
24.000,418.205,1007.707,13.520,1.225,980.149,40.010,453598.027,0.000,0.000,0.000,0.000,7.006,0.000,11.085,0.000,0.176,0.038,16.334,0.000,32.921,11.085,-137.813,0.152,0.044,16.984,0.363,32.582,0.000,0.000,0.000,0.000,0.000,0.000,0.000,29.000,2.000,2024.000,9.000,42.000,27.000
24.000,418.248,1007.707,13.520,1.225,980.251,40.012,453621.526,0.000,0.000,0.000,0.000,7.006,0.000,11.122,0.000,0.180,0.033,16.256,0.000,32.928,11.103,-137.460,0.144,0.038,16.858,0.386,32.589,0.000,0.000,0.000,0.000,0.000,0.000,0.000,29.000,2.000,2024.000,9.000,42.000,27.000
24.000,418.248,1007.707,13.520,1.225,980.251,40.012,453621.526,0.000,0.000,0.000,0.000,7.006,0.000,11.126,0.000,0.211,0.033,16.203,0.000,32.939,11.073,-138.013,0.152,0.038,16.774,0.321,32.596,0.000,0.000,0.000,0.000,0.000,0.000,0.000,29.000,2.000,2024.000,9.000,42.000,27.000
24.000,418.248,1007.707,13.520,1.225,980.251,40.012,453621.526,0.000,0.000,0.000,0.000,7.006,0.000,11.108,0.000,0.155,0.038,16.268,0.000,32.946,11.067,-138.206,0.167,0.038,16.723,0.489,32.606,0.000,0.000,0.000,0.000,0.000,0.000,0.000,29.000,2.000,2024.000,9.000,42.000,28.000
24.000,418.262,1007.708,13.520,1.225,980.284,40.012,453629.402,0.000,0.000,0.000,0.000,7.006,0.000,11.087,0.000,0.183,0.038,16.334,0.000,32.953,11.106,-139.263,0.131,0.038,16.673,0.390,32.613,0.000,0.000,0.000,0.000,0.000,0.000,0.000,29.000,2.000,2024.000,9.000,42.000,28.000
24.000,418.262,1007.708,13.520,1.225,980.284,40.012,453629.402,0.000,0.000,0.000,0.000,7.006,0.000,11.101,0.000,0.186,0.038,16.344,0.000,32.964,11.144,-138.403,0.166,0.049,16.796,0.761,32.624,0.000,0.000,0.000,0.000,0.000,0.000,0.000,29.000,2.000,2024.000,9.000,42.000,28.000
24.000,418.271,1007.708,13.520,1.225,980.305,40.013,453634.320,0.000,0.000,0.000,0.000,7.006,0.000,11.101,0.000,0.187,0.044,16.359,0.000,32.974,11.039,-138.601,0.147,0.038,16.980,1.000,32.631,0.000,0.000,0.000,0.000,0.000,0.000,0.000,29.000,2.000,2024.000,9.000,42.000,28.000
24.000,418.271,1007.708,13.520,1.225,980.305,40.013,453634.320,0.000,0.000,0.000,0.000,7.006,0.000,11.090,0.000,0.185,0.038,16.312,0.000,32.981,11.160,-139.017,0.146,0.038,16.910,0.606,32.638,0.000,0.000,0.000,0.000,0.000,0.000,0.000,29.000,2.000,2024.000,9.000,42.000,28.000
24.000,418.290,1007.711,13.520,1.225,980.350,40.014,453645.378,0.000,0.000,0.000,0.000,7.006,0.000,11.144,0.000,0.189,0.044,16.203,0.000,32.998,11.099,-138.135,0.146,0.033,16.745,0.411,32.655,0.000,0.000,0.000,0.000,0.000,0.000,0.000,29.000,2.000,2024.000,9.000,42.000,28.000
24.000,418.290,1007.711,13.520,1.225,980.350,40.014,453645.378,0.000,0.000,0.000,0.000,7.006,0.000,11.134,0.000,0.192,0.044,16.232,0.000,33.005,11.095,-139.569,0.155,0.044,16.730,0.572,32.662,0.000,0.000,0.000,0.000,0.000,0.000,0.000,29.000,2.000,2024.000,9.000,42.000,28.000
24.000,418.295,1007.710,13.520,1.225,980.362,40.014,453647.885,0.000,0.000,0.000,0.000,7.006,0.000,11.076,0.000,0.164,0.038,16.347,0.000,33.023,11.114,-139.710,0.151,0.038,16.666,0.423,32.673,0.000,0.000,0.000,0.000,0.000,0.000,0.000,29.000,2.000,2024.000,9.000,42.000,28.000
24.000,418.295,1007.710,13.520,1.225,980.362,40.014,453647.885,0.000,0.000,0.000,0.000,7.006,0.000,11.125,0.000,0.205,0.038,16.348,0.000,33.033,11.109,-139.162,0.143,0.038,16.699,0.259,32.680,0.000,0.000,0.000,0.000,0.000,0.000,0.000,29.000,2.000,2024.000,9.000,42.000,28.000
24.000,418.263,1007.709,13.520,1.225,980.286,40.013,453630.174,0.000,0.000,0.000,0.000,7.006,0.000,11.118,0.000,0.160,0.033,16.359,0.000,33.044,11.078,-140.229,0.169,0.038,16.993,0.428,32.687,0.000,0.000,0.000,0.000,0.000,0.000,0.000,29.000,2.000,2024.000,9.000,42.000,28.000
