63.000,26.130,1007.424,13.200,1.226,61.250,9.998,113537.120,0.000,0.000,0.000,0.000,-4.994,0.000,0.567,0.000,0.022,0.060,14.877,0.000,37.118,0.575,162.795,0.032,0.065,15.204,0.138,36.019,0.000,0.000,0.000,0.000,0.000,0.000,0.000,29.000,2.000,2024.000,10.000,21.000,24.000
63.000,26.127,1007.423,13.180,1.226,61.243,9.997,113540.734,0.000,0.000,0.000,0.000,-4.994,0.000,0.551,0.000,0.031,0.027,14.889,0.000,37.122,0.577,163.469,0.026,0.033,15.252,0.191,36.019,0.000,0.000,0.000,0.000,0.000,0.000,0.000,29.000,2.000,2024.000,10.000,21.000,24.000
63.000,26.127,1007.423,13.180,1.226,61.243,9.997,113540.734,0.000,0.000,0.000,0.000,-4.994,0.000,0.559,0.000,0.019,0.033,14.889,0.000,37.122,0.586,164.236,0.027,0.044,15.252,0.300,36.023,0.000,0.000,0.000,0.000,0.000,0.000,0.000,29.000,2.000,2024.000,10.000,21.000,24.000
63.000,26.127,1007.423,13.180,1.226,61.243,9.997,113540.734,0.000,0.000,0.000,0.000,-4.994,0.000,0.553,0.000,0.025,0.000,14.910,0.000,37.118,0.593,165.446,0.025,0.027,15.225,0.474,36.019,0.000,0.000,0.000,0.000,0.000,0.000,0.000,29.000,2.000,2024.000,10.000,21.000,24.000
63.000,26.127,1007.424,13.180,1.226,61.243,9.997,113540.791,0.000,0.000,0.000,0.000,-4.994,0.000,0.550,0.000,0.029,0.054,14.910,0.000,37.118,0.600,167.235,0.028,0.033,15.225,0.634,36.019,0.000,0.000,0.000,0.000,0.000,0.000,0.000,29.000,2.000,2024.000,10.000,21.000,24.000
63.000,26.127,1007.424,13.180,1.226,61.243,9.997,113540.791,0.000,0.000,0.000,0.000,-4.994,0.000,0.569,0.000,0.033,0.011,14.881,0.000,37.118,0.588,168.631,0.031,0.022,15.211,0.268,36.019,0.000,0.000,0.000,0.000,0.000,0.000,0.000,29.000,2.000,2024.000,10.000,21.000,24.000
63.000,26.126,1007.423,13.180,1.226,61.241,9.996,113538.579,0.000,0.000,0.000,0.000,-4.994,0.000,0.597,0.000,0.030,0.060,14.878,0.000,37.122,0.583,168.601,0.023,0.065,15.210,0.107,36.023,0.000,0.000,0.000,0.000,0.000,0.000,0.000,29.000,2.000,2024.000,10.000,21.000,24.000
63.000,26.126,1007.423,13.180,1.226,61.241,9.996,113538.579,0.000,0.000,0.000,0.000,-4.994,0.000,0.599,0.000,0.027,0.060,14.876,0.000,37.118,0.591,168.332,0.037,0.033,15.224,0.191,36.023,0.000,0.000,0.000,0.000,0.000,0.000,0.000,29.000,2.000,2024.000,10.000,21.000,24.000
63.000,26.121,1007.424,13.180,1.226,61.229,9.995,113527.856,0.000,0.000,0.000,0.000,-4.994,0.000,0.585,0.000,0.028,0.016,14.876,0.000,37.122,0.588,168.163,0.025,0.060,15.228,0.140,36.019,0.000,0.000,0.000,0.000,0.000,0.000,0.000,29.000,2.000,2024.000,10.000,21.000,24.000
63.000,26.121,1007.424,13.180,1.226,61.229,9.995,113527.856,0.000,0.000,0.000,0.000,-4.994,0.000,0.580,0.000,0.030,0.049,14.886,0.000,37.122,0.589,168.320,0.031,0.060,15.228,0.110,36.019,0.000,0.000,0.000,0.000,0.000,0.000,0.000,29.000,2.000,2024.000,10.000,21.000,24.000
63.000,26.121,1007.426,13.200,1.226,61.229,9.996,113517.833,0.000,0.000,0.000,0.000,-4.994,0.000,0.583,0.000,0.028,0.060,14.890,0.000,37.122,0.597,168.586,0.021,0.060,15.227,0.189,36.019,0.000,0.000,0.000,0.000,0.000,0.000,0.000,29.000,2.000,2024.000,10.000,21.000,25.000
63.000,26.121,1007.426,13.200,1.226,61.229,9.996,113517.833,0.000,0.000,0.000,0.000,-4.994,0.000,0.568,0.000,0.029,0.049,14.893,0.000,37.118,0.596,169.309,0.030,0.049,15.219,0.361,36.019,0.000,0.000,0.000,0.000,0.000,0.000,0.000,29.000,2.000,2024.000,10.000,21.000,25.000
63.000,26.117,1007.425,13.180,1.226,61.220,9.995,113519.288,0.000,0.000,0.000,0.000,-4.994,0.000,0.543,0.000,0.025,0.038,14.894,0.000,37.122,0.603,170.991,0.026,0.016,15.214,0.690,36.019,0.000,0.000,0.000,0.000,0.000,0.000,0.000,29.000,2.000,2024.000,10.000,21.000,25.000
63.000,26.117,1007.425,13.180,1.226,61.220,9.995,113519.288,0.000,0.000,0.000,0.000,-4.994,0.000,0.560,0.000,0.030,0.054,14.889,0.000,37.118,0.618,173.390,0.028,0.038,15.226,0.660,36.023,0.000,0.000,0.000,0.000,0.000,0.000,0.000,29.000,2.000,2024.000,10.000,21.000,25.000
63.000,26.114,1007.430,13.200,1.226,61.213,9.994,113502.967,0.000,0.000,0.000,0.000,-4.994,0.000,0.593,0.000,0.034,0.054,14.885,0.000,37.118,0.593,174.392,0.027,0.022,15.239,0.103,36.019,0.000,0.000,0.000,0.000,0.000,0.000,0.000,29.000,2.000,2024.000,10.000,21.000,25.000
63.000,26.114,1007.430,13.200,1.226,61.213,9.994,113502.967,0.000,0.000,0.000,0.000,-4.994,0.000,0.596,0.000,0.029,0.038,14.884,0.000,37.118,0.590,174.107,0.022,0.044,15.223,0.036,36.019,0.000,0.000,0.000,0.000,0.000,0.000,0.000,29.000,2.000,2024.000,10.000,21.000,25.000
63.000,26.113,1007.429,13.180,1.226,61.211,9.994,113510.889,0.000,0.000,0.000,0.000,-4.994,0.000,0.576,0.000,0.024,0.049,14.883,0.000,37.122,0.583,174.418,0.039,0.027,15.199,0.230,36.023,0.000,0.000,0.000,0.000,0.000,0.000,0.000,29.000,2.000,2024.000,10.000,21.000,25.000
63.000,26.113,1007.429,13.180,1.226,61.211,9.994,113510.889,0.000,0.000,0.000,0.000,-4.994,0.000,0.573,0.000,0.026,0.022,14.887,0.000,37.118,0.582,174.531,0.027,0.044,15.208,0.117,36.019,0.000,0.000,0.000,0.000,0.000,0.000,0.000,29.000,2.000,2024.000,10.000,21.000,25.000
63.000,26.113,1007.429,13.180,1.226,61.211,9.994,113510.889,0.000,0.000,0.000,0.000,-4.994,0.000,0.571,0.000,0.034,0.038,14.898,0.000,37.122,0.578,174.567,0.022,0.044,15.229,0.179,36.019,0.000,0.000,0.000,0.000,0.000,0.000,0.000,29.000,2.000,2024.000,10.000,21.000,25.000
63.000,26.116,1007.431,13.180,1.226,61.218,9.994,113517.470,0.000,0.000,0.000,0.000,-4.994,0.000,0.544,0.000,0.028,0.027,14.893,0.000,37.122,0.588,175.362,0.031,0.044,15.225,0.557,36.019,0.000,0.000,0.000,0.000,0.000,0.000,0.000,29.000,2.000,2024.000,10.000,21.000,25.000
63.000,26.116,1007.431,13.180,1.226,61.218,9.994,113517.470,0.000,0.000,0.000,0.000,-4.994,0.000,0.533,0.000,0.025,0.022,14.870,0.000,37.118,0.593,177.512,0.022,0.038,15.208,0.687,36.019,0.000,0.000,0.000,0.000,0.000,0.000,0.000,29.000,2.000,2024.000,10.000,21.000,26.000
63.000,26.114,1007.428,13.180,1.226,61.213,9.994,113512.988,0.000,0.000,0.000,0.000,-4.994,0.000,0.546,0.000,0.030,0.011,14.870,0.000,37.118,0.599,44.377,0.031,0.027,15.209,155.461,36.019,0.000,0.000,0.000,0.000,0.000,0.000,0.000,29.000,2.000,2024.000,10.000,21.000,26.000
63.000,26.114,1007.428,13.180,1.226,61.213,9.994,113512.988,0.000,0.000,0.000,0.000,-4.994,0.000,0.578,0.000,0.034,0.044,14.868,0.000,37.122,0.582,-179.205,0.030,0.033,15.220,0.217,36.019,0.000,0.000,0.000,0.000,0.000,0.000,0.000,29.000,2.000,2024.000,10.000,21.000,26.000
63.000,26.114,1007.427,13.180,1.226,61.213,9.994,113512.932,0.000,0.000,0.000,0.000,-4.994,0.000,0.591,0.000,0.027,0.005,14.868,0.000,37.118,0.584,-179.387,0.022,0.022,15.220,0.176,36.023,0.000,0.000,0.000,0.000,0.000,0.000,0.000,29.000,2.000,2024.000,10.000,21.000,26.000
63.000,26.114,1007.427,13.180,1.226,61.213,9.994,113512.932,0.000,0.000,0.000,0.000,-4.994,0.000,0.572,0.000,0.025,0.038,14.878,0.000,37.122,0.599,-179.007,0.030,0.065,15.245,0.234,36.019,0.000,0.000,0.000,0.000,0.000,0.000,0.000,29.000,2.000,2024.000,10.000,21.000,26.000
63.000,26.112,1007.429,13.180,1.226,61.208,9.994,113508.732,0.000,0.000,0.000,0.000,-4.994,0.000,0.575,0.000,0.030,0.027,14.878,0.000,37.122,0.595,-178.211,0.027,0.044,15.245,0.140,36.019,0.000,0.000,0.000,0.000,0.000,0.000,0.000,29.000,2.000,2024.000,10.000,21.000,26.000
63.000,26.112,1007.429,13.180,1.226,61.208,9.994,113508.732,0.000,0.000,0.000,0.000,-4.994,0.000,0.593,0.000,0.031,0.011,14.902,0.000,37.118,0.584,-178.168,0.022,0.049,15.215,0.181,36.019,0.000,0.000,0.000,0.000,0.000,0.000,0.000,29.000,2.000,2024.000,10.000,21.000,26.000
63.000,26.107,1007.429,13.180,1.226,61.197,9.993,113497.950,0.000,0.000,0.000,0.000,-4.994,0.000,0.587,0.000,0.031,0.044,14.904,0.000,37.118,0.595,-178.336,0.030,0.060,15.211,0.164,36.019,0.000,0.000,0.000,0.000,0.000,0.000,0.000,29.000,2.000,2024.000,10.000,21.000,26.000
63.000,26.107,1007.429,13.180,1.226,61.197,9.993,113497.950,0.000,0.000,0.000,0.000,-4.994,0.000,0.559,0.000,0.027,-0.005,14.876,0.000,37.122,0.602,-177.348,0.023,0.027,15.231,0.492,36.019,0.000,0.000,0.000,0.000,0.000,0.000,0.000,29.000,2.000,2024.000,10.000,21.000,26.000
63.000,26.104,1007.431,13.180,1.226,61.190,9.992,113491.593,0.000,0.000,0.000,0.000,-4.994,0.000,0.549,0.000,0.023,0.038,14.869,0.000,37.122,0.612,-175.412,0.032,0.060,15.236,0.699,36.019,0.000,0.000,0.000,0.000,0.000,0.000,0.000,29.000,2.000,2024.000,10.000,21.000,26.000
63.000,26.104,1007.431,13.180,1.226,61.190,9.992,113491.593,0.000,0.000,0.000,0.000,-4.994,0.000,0.570,0.000,0.030,0.027,14.877,0.000,37.122,0.607,-173.467,0.021,0.005,15.213,0.512,36.019,0.000,0.000,0.000,0.000,0.000,0.000,0.000,29.000,2.000,2024.000,10.000,21.000,27.000
63.000,26.104,1007.431,13.180,1.226,61.190,9.992,113491.593,0.000,0.000,0.000,0.000,-4.994,0.000,0.588,0.000,0.031,0.065,14.880,0.000,37.122,0.596,-172.586,0.033,0.049,15.203,0.202,36.019,0.000,0.000,0.000,0.000,0.000,0.000,0.000,29.000,2.000,2024.000,10.000,21.000,27.000
63.000,26.103,1007.431,13.180,1.226,61.187,9.992,113489.436,0.000,0.000,0.000,0.000,-4.994,0.000,0.578,0.000,0.028,0.065,14.865,0.000,37.118,0.599,-172.196,0.023,0.060,15.185,0.244,36.019,0.000,0.000,0.000,0.000,0.000,0.000,0.000,29.000,2.000,2024.000,10.000,21.000,27.000
63.000,26.103,1007.431,13.180,1.226,61.187,9.992,113489.436,0.000,0.000,0.000,0.000,-4.994,0.000,0.579,0.000,0.026,0.049,14.855,0.000,37.122,0.584,-171.687,0.040,0.049,15.172,0.178,36.019,0.000,0.000,0.000,0.000,0.000,0.000,0.000,29.000,2.000,2024.000,10.000,21.000,27.000
63.000,26.101,1007.432,13.180,1.226,61.183,9.992,113485.179,0.000,0.000,0.000,0.000,-4.994,0.000,0.599,0.000,0.030,0.011,14.858,0.000,37.122,0.574,-172.308,0.021,0.049,15.189,0.320,36.019,0.000,0.000,0.000,0.000,0.000,0.000,0.000,29.000,2.000,2024.000,10.000,21.000,27.000
63.000,26.101,1007.432,13.180,1.226,61.183,9.992,113485.179,0.000,0.000,0.000,0.000,-4.994,0.000,0.591,0.000,0.038,0.005,14.862,0.000,37.118,0.572,-173.339,0.024,0.027,15.207,0.291,36.019,0.000,0.000,0.000,0.000,0.000,0.000,0.000,29.000,2.000,2024.000,10.000,21.000,27.000
63.000,26.100,1007.433,13.180,1.226,61.180,9.991,113483.079,0.000,0.000,0.000,0.000,-4.994,0.000,0.561,0.000,0.029,0.060,14.861,0.000,37.118,0.590,-173.053,0.028,0.044,15.207,0.327,36.019,0.000,0.000,0.000,0.000,0.000,0.000,0.000,29.000,2.000,2024.000,10.000,21.000,27.000
63.000,26.100,1007.433,13.180,1.226,61.180,9.991,113483.079,0.000,0.000,0.000,0.000,-4.994,0.000,0.545,0.000,0.024,0.038,14.858,0.000,37.118,0.597,-171.561,0.028,0.044,15.208,0.647,36.023,0.000,0.000,0.000,0.000,0.000,0.000,0.000,29.000,2.000,2024.000,10.000,21.000,27.000
63.000,26.101,1007.433,13.180,1.226,61.183,9.992,113485.236,0.000,0.000,0.000,0.000,-4.994,0.000,0.553,0.000,0.026,0.033,14.863,0.000,37.122,0.605,-169.458,0.023,0.027,15.211,0.661,36.019,0.000,0.000,0.000,0.000,0.000,0.000,0.000,29.000,2.000,2024.000,10.000,21.000,27.000
63.000,26.101,1007.433,13.180,1.226,61.183,9.992,113485.236,0.000,0.000,0.000,0.000,-4.994,0.000,0.575,0.000,0.031,0.044,14.874,0.000,37.118,0.600,-167.904,0.031,0.060,15.219,0.356,36.019,0.000,0.000,0.000,0.000,0.000,0.000,0.000,29.000,2.000,2024.000,10.000,21.000,27.000
63.000,26.096,1007.432,13.180,1.226,61.171,9.991,113474.395,0.000,0.000,0.000,0.000,-4.994,0.000,0.575,0.000,0.029,0.054,14.870,0.000,37.122,0.594,-167.240,0.030,0.044,15.224,0.166,36.019,0.000,0.000,0.000,0.000,0.000,0.000,0.000,29.000,2.000,2024.000,10.000,21.000,28.000
63.000,26.096,1007.432,13.180,1.226,61.171,9.991,113474.395,0.000,0.000,0.000,0.000,-4.994,0.000,0.560,0.000,0.025,0.044,14.854,0.000,37.122,0.571,-166.749,0.023,0.033,15.243,0.088,36.019,0.000,0.000,0.000,0.000,0.000,0.000,0.000,29.000,2.000,2024.000,10.000,21.000,28.000
63.000,26.093,1007.431,13.180,1.226,61.164,9.990,113467.868,0.000,0.000,0.000,0.000,-4.994,0.000,0.586,0.000,0.031,0.054,14.858,0.000,37.122,0.580,-166.650,0.030,0.049,15.240,0.134,36.019,0.000,0.000,0.000,0.000,0.000,0.000,0.000,29.000,2.000,2024.000,10.000,21.000,28.000
63.000,26.093,1007.431,13.180,1.226,61.164,9.990,113467.868,0.000,0.000,0.000,0.000,-4.994,0.000,0.605,0.000,0.032,0.044,14.891,0.000,37.122,0.582,-167.390,0.022,0.038,15.214,0.332,36.019,0.000,0.000,0.000,0.000,0.000,0.000,0.000,29.000,2.000,2024.000,10.000,21.000,28.000
63.000,26.091,1007.431,13.180,1.226,61.160,9.990,113463.553,0.000,0.000,0.000,0.000,-4.994,0.000,0.585,0.000,0.033,0.033,14.891,0.000,37.122,0.598,-167.746,0.030,0.038,15.214,0.211,36.023,0.000,0.000,0.000,0.000,0.000,0.000,0.000,29.000,2.000,2024.000,10.000,21.000,28.000
63.000,26.091,1007.431,13.180,1.226,61.160,9.990,113463.553,0.000,0.000,0.000,0.000,-4.994,0.000,0.562,0.000,0.027,0.038,14.888,0.000,37.122,0.601,-166.737,0.025,0.054,15.196,0.478,36.019,0.000,0.000,0.000,0.000,0.000,0.000,0.000,29.000,2.000,2024.000,10.000,21.000,28.000
63.000,26.091,1007.431,13.180,1.226,61.160,9.990,113463.553,0.000,0.000,0.000,0.000,-4.994,0.000,0.567,0.000,0.023,0.027,14.888,0.000,37.122,0.598,-165.345,0.030,0.049,15.196,0.427,36.023,0.000,0.000,0.000,0.000,0.000,0.000,0.000,29.000,2.000,2024.000,10.000,21.000,28.000
63.000,26.090,1007.433,13.180,1.226,61.157,9.990,113461.509,0.000,0.000,0.000,0.000,-4.994,0.000,0.579,0.000,0.026,0.038,14.887,0.000,37.122,0.606,-164.224,0.024,0.054,15.214,0.324,36.023,0.000,0.000,0.000,0.000,0.000,0.000,0.000,29.000,2.000,2024.000,10.000,21.000,28.000
63.000,26.090,1007.433,13.180,1.226,61.157,9.990,113461.509,0.000,0.000,0.000,0.000,-4.994,0.000,0.574,0.000,0.030,0.022,14.887,0.000,37.122,0.600,-163.345,0.027,0.044,15.216,0.249,36.023,0.000,0.000,0.000,0.000,0.000,0.000,0.000,29.000,2.000,2024.000,10.000,21.000,28.000
63.000,26.089,1007.433,13.180,1.226,61.155,9.989,113459.352,0.000,0.000,0.000,0.000,-4.994,0.000,0.567,0.000,0.032,0.033,14.894,0.000,37.122,0.598,-162.320,0.031,0.049,15.183,0.289,36.023,0.000,0.000,0.000,0.000,0.000,0.000,0.000,29.000,2.000,2024.000,10.000,21.000,28.000
63.000,26.089,1007.433,13.180,1.226,61.155,9.989,113459.352,0.000,0.000,0.000,0.000,-4.994,0.000,0.586,0.000,0.031,0.065,14.895,0.000,37.122,0.571,-162.006,0.029,0.044,15.175,0.245,36.019,0.000,0.000,0.000,0.000,0.000,0.000,0.000,29.000,2.000,2024.000,10.000,21.000,29.000
63.000,26.091,1007.433,13.180,1.226,61.160,9.990,113463.666,0.000,0.000,0.000,0.000,-4.994,0.000,0.607,0.000,0.029,0.044,14.876,0.000,37.122,0.574,-162.889,0.022,0.022,15.199,0.385,36.019,0.000,0.000,0.000,0.000,0.000,0.000,0.000,29.000,2.000,2024.000,10.000,21.000,29.000
63.000,26.091,1007.433,13.180,1.226,61.160,9.990,113463.666,0.000,0.000,0.000,0.000,-4.994,0.000,0.598,0.000,0.029,0.033,14.868,0.000,37.122,0.582,-164.065,0.031,0.054,15.209,0.245,36.019,0.000,0.000,0.000,0.000,0.000,0.000,0.000,29.000,2.000,2024.000,10.000,21.000,29.000
63.000,26.088,1007.431,13.180,1.226,61.153,9.989,113457.082,0.000,0.000,0.000,0.000,-4.994,0.000,0.558,0.000,0.034,0.060,14.875,0.000,37.122,0.586,-163.813,0.021,0.071,15.214,0.359,36.019,0.000,0.000,0.000,0.000,0.000,0.000,0.000,29.000,2.000,2024.000,10.000,21.000,29.000
63.000,26.088,1007.431,13.180,1.226,61.153,9.989,113457.082,0.000,0.000,0.000,0.000,-4.994,0.000,0.542,0.000,0.022,0.016,14.880,0.000,37.122,0.598,-162.210,0.031,0.038,15.217,0.657,36.019,0.000,0.000,0.000,0.000,0.000,0.000,0.000,29.000,2.000,2024.000,10.000,21.000,29.000
63.000,26.089,1007.433,13.180,1.226,61.155,9.989,113459.352,0.000,0.000,0.000,0.000,-4.994,0.000,0.561,0.000,0.024,0.038,14.871,0.000,37.122,0.612,-160.071,0.017,0.049,15.212,0.548,36.019,0.000,0.000,0.000,0.000,0.000,0.000,0.000,29.000,2.000,2024.000,10.000,21.000,29.000
63.000,26.089,1007.433,13.180,1.226,61.155,9.989,113459.352,0.000,0.000,0.000,0.000,-4.994,0.000,0.565,0.000,0.030,0.038,14.862,0.000,37.122,0.596,-158.627,0.036,0.038,15.207,0.292,36.019,0.000,0.000,0.000,0.000,0.000,0.000,0.000,29.000,2.000,2024.000,10.000,21.000,29.000
63.000,26.088,1007.432,13.180,1.226,61.153,9.989,113457.138,0.000,0.000,0.000,0.000,-4.994,0.000,0.555,0.000,0.029,0.027,14.857,0.000,37.122,0.587,-157.664,0.023,0.044,15.223,0.363,36.019,0.000,0.000,0.000,0.000,0.000,0.000,0.000,29.000,2.000,2024.000,10.000,21.000,29.000
63.000,26.088,1007.432,13.180,1.226,61.153,9.989,113457.138,0.000,0.000,0.000,0.000,-4.994,0.000,0.572,0.000,0.030,0.033,14.848,0.000,37.122,0.575,-156.927,0.023,0.027,15.246,0.179,36.019,0.000,0.000,0.000,0.000,0.000,0.000,0.000,29.000,2.000,2024.000,10.000,21.000,29.000
63.000,26.088,1007.432,13.180,1.226,61.153,9.989,113457.138,0.000,0.000,0.000,0.000,-4.994,0.000,0.598,0.000,0.029,0.033,14.857,0.000,37.118,0.586,-157.064,0.030,0.054,15.226,0.208,36.019,0.000,0.000,0.000,0.000,0.000,0.000,0.000,29.000,2.000,2024.000,10.000,21.000,29.000
63.000,26.086,1007.433,13.180,1.226,61.148,9.989,113452.880,0.000,0.000,0.000,0.000,-4.994,0.000,0.598,0.000,0.030,0.033,14.876,0.000,37.118,0.583,-157.744,0.024,0.049,15.179,0.189,36.019,0.000,0.000,0.000,0.000,0.000,0.000,0.000,29.000,2.000,2024.000,10.000,21.000,30.000
63.000,26.086,1007.433,13.180,1.226,61.148,9.989,113452.880,0.000,0.000,0.000,0.000,-4.994,0.000,0.576,0.000,0.030,0.038,14.876,0.000,37.118,0.593,-157.727,0.025,0.022,15.182,0.224,36.019,0.000,0.000,0.000,0.000,0.000,0.000,0.000,29.000,2.000,2024.000,10.000,21.000,30.000
63.000,26.087,1007.432,13.180,1.226,61.150,9.989,113454.981,0.000,0.000,0.000,0.000,-4.994,0.000,0.570,0.000,0.029,0.060,14.874,0.000,37.118,0.596,-156.718,0.031,0.027,15.192,0.328,36.019,0.000,0.000,0.000,0.000,0.000,0.000,0.000,29.000,2.000,2024.000,10.000,21.000,30.000
63.000,26.087,1007.432,13.180,1.226,61.150,9.989,113454.981,0.000,0.000,0.000,0.000,-4.994,0.000,0.579,0.000,0.026,0.011,14.872,0.000,37.122,0.607,-155.815,0.015,0.016,15.193,0.275,36.019,0.000,0.000,0.000,0.000,0.000,0.000,0.000,29.000,2.000,2024.000,10.000,21.000,30.000
63.000,26.091,1007.433,13.180,1.226,61.160,9.990,113463.666,0.000,0.000,0.000,0.000,-4.994,0.000,0.568,0.000,0.026,0.022,14.856,0.000,37.118,0.612,-154.588,0.032,0.049,15.204,0.423,36.019,0.000,0.000,0.000,0.000,0.000,0.000,0.000,29.000,2.000,2024.000,10.000,21.000,30.000
63.000,26.091,1007.433,13.180,1.226,61.160,9.990,113463.666,0.000,0.000,0.000,0.000,-4.994,0.000,0.553,0.000,0.028,0.000,14.856,0.000,37.118,0.594,-153.036,0.023,0.044,15.204,0.455,36.019,0.000,0.000,0.000,0.000,0.000,0.000,0.000,29.000,2.000,2024.000,10.000,21.000,30.000
63.000,26.092,1007.432,13.180,1.226,61.162,9.990,113465.767,0.000,0.000,0.000,0.000,-4.994,0.000,0.565,0.000,0.032,0.027,14.876,0.000,37.122,0.590,-151.719,0.026,0.038,15.135,0.342,36.019,0.000,0.000,0.000,0.000,0.000,0.000,0.000,29.000,2.000,2024.000,10.000,21.000,30.000
63.000,26.092,1007.432,13.180,1.226,61.162,9.990,113465.767,0.000,0.000,0.000,0.000,-4.994,0.000,0.602,0.000,0.034,0.033,14.876,0.000,37.122,0.568,-151.899,0.025,0.044,15.135,0.368,36.019,0.000,0.000,0.000,0.000,0.000,0.000,0.000,29.000,2.000,2024.000,10.000,21.000,30.000
63.000,26.092,1007.430,13.180,1.226,61.162,9.990,113465.654,0.000,0.000,0.000,0.000,-4.994,0.000,0.604,0.000,0.026,0.027,14.863,0.000,37.122,0.579,-153.020,0.029,0.054,15.189,0.273,36.019,0.000,0.000,0.000,0.000,0.000,0.000,0.000,29.000,2.000,2024.000,10.000,21.000,30.000
63.000,26.092,1007.430,13.180,1.226,61.162,9.990,113465.654,0.000,0.000,0.000,0.000,-4.994,0.000,0.583,0.000,0.025,0.016,14.862,0.000,37.122,0.572,-153.521,0.036,0.060,15.195,0.155,36.019,0.000,0.000,0.000,0.000,0.000,0.000,0.000,29.000,2.000,2024.000,10.000,21.000,30.000
63.000,26.090,1007.428,13.180,1.226,61.157,9.990,113461.227,0.000,0.000,0.000,0.000,-4.994,0.000,0.566,0.000,0.032,0.000,14.864,0.000,37.122,0.582,-153.555,0.018,0.044,15.193,0.160,36.019,0.000,0.000,0.000,0.000,0.000,0.000,0.000,29.000,2.000,2024.000,10.000,21.000,31.000
63.000,26.090,1007.428,13.180,1.226,61.157,9.990,113461.227,0.000,0.000,0.000,0.000,-4.994,0.000,0.554,0.000,0.025,0.033,14.865,0.000,37.118,0.596,-152.576,0.032,0.044,15.192,0.391,36.019,0.000,0.000,0.000,0.000,0.000,0.000,0.000,29.000,2.000,2024.000,10.000,21.000,31.000
63.000,26.095,1007.426,13.180,1.226,61.169,9.991,113471.900,0.000,0.000,0.000,0.000,-4.994,0.000,0.559,0.000,0.024,0.033,14.878,0.000,37.122,0.610,-150.925,0.022,0.044,15.191,0.557,36.019,0.000,0.000,0.000,0.000,0.000,0.000,0.000,29.000,2.000,2024.000,10.000,21.000,31.000
63.000,26.095,1007.426,13.180,1.226,61.169,9.991,113471.900,0.000,0.000,0.000,0.000,-4.994,0.000,0.543,0.000,0.028,0.000,14.884,0.000,37.122,0.584,-149.144,0.028,0.044,15.191,0.485,36.019,0.000,0.000,0.000,0.000,0.000,0.000,0.000,29.000,2.000,2024.000,10.000,21.000,31.000
63.000,26.095,1007.426,13.180,1.226,61.169,9.991,113471.900,0.000,0.000,0.000,0.000,-4.994,0.000,0.560,0.000,0.033,0.054,14.865,0.000,37.122,0.585,-147.775,0.022,0.049,15.219,0.340,36.019,0.000,0.000,0.000,0.000,0.000,0.000,0.000,29.000,2.000,2024.000,10.000,21.000,31.000
63.000,26.093,1007.427,13.180,1.226,61.164,9.990,113467.642,0.000,0.000,0.000,0.000,-4.994,0.000,0.586,0.000,0.031,0.060,14.853,0.000,37.122,0.580,-147.502,0.026,0.054,15.238,0.071,36.019,0.000,0.000,0.000,0.000,0.000,0.000,0.000,29.000,2.000,2024.000,10.000,21.000,31.000
63.000,26.093,1007.427,13.180,1.226,61.164,9.990,113467.642,0.000,0.000,0.000,0.000,-4.994,0.000,0.598,0.000,0.026,0.065,14.859,0.000,37.122,0.577,-147.952,0.029,0.049,15.209,0.204,36.023,0.000,0.000,0.000,0.000,0.000,0.000,0.000,29.000,2.000,2024.000,10.000,21.000,31.000
63.000,26.089,1007.429,13.180,1.226,61.155,9.989,113459.126,0.000,0.000,0.000,0.000,-4.994,0.000,0.582,0.000,0.027,0.005,14.865,0.000,37.122,0.577,-148.418,0.029,0.054,15.181,0.126,36.019,0.000,0.000,0.000,0.000,0.000,0.000,0.000,29.000,2.000,2024.000,10.000,21.000,31.000
63.000,26.089,1007.429,13.180,1.226,61.155,9.989,113459.126,0.000,0.000,0.000,0.000,-4.994,0.000,0.578,0.000,0.030,0.027,14.861,0.000,37.122,0.600,-148.097,0.017,0.033,15.187,0.203,36.023,0.000,0.000,0.000,0.000,0.000,0.000,0.000,29.000,2.000,2024.000,10.000,21.000,31.000
63.000,26.088,1007.428,13.180,1.226,61.153,9.989,113456.913,0.000,0.000,0.000,0.000,-4.994,0.000,0.594,0.000,0.031,0.044,14.854,0.000,37.122,0.603,-147.607,0.033,0.054,15.197,0.122,36.019,0.000,0.000,0.000,0.000,0.000,0.000,0.000,29.000,2.000,2024.000,10.000,21.000,31.000
63.000,26.088,1007.428,13.180,1.226,61.153,9.989,113456.913,0.000,0.000,0.000,0.000,-4.994,0.000,0.587,0.000,0.031,0.038,14.848,0.000,37.122,0.606,-147.355,0.020,0.049,15.200,0.248,36.019,0.000,0.000,0.000,0.000,0.000,0.000,0.000,29.000,2.000,2024.000,10.000,21.000,32.000
63.000,26.088,1007.426,13.180,1.226,61.153,9.989,113456.800,0.000,0.000,0.000,0.000,-4.994,0.000,0.554,0.000,0.027,0.016,14.836,0.000,37.122,0.607,-145.947,0.029,0.065,15.208,0.631,36.019,0.000,0.000,0.000,0.000,0.000,0.000,0.000,29.000,2.000,2024.000,10.000,21.000,32.000
63.000,26.088,1007.426,13.180,1.226,61.153,9.989,113456.800,0.000,0.000,0.000,0.000,-4.994,0.000,0.545,0.000,0.027,0.038,14.839,0.000,37.122,0.593,-143.987,0.022,0.065,15.198,0.557,36.019,0.000,0.000,0.000,0.000,0.000,0.000,0.000,29.000,2.000,2024.000,10.000,21.000,32.000
63.000,26.091,1007.427,13.180,1.226,61.160,9.990,113463.328,0.000,0.000,0.000,0.000,-4.994,0.000,0.573,0.000,0.034,0.038,14.852,0.000,37.122,0.591,-142.614,0.032,0.060,15.158,0.304,36.019,0.000,0.000,0.000,0.000,0.000,0.000,0.000,29.000,2.000,2024.000,10.000,21.000,32.000
63.000,26.091,1007.427,13.180,1.226,61.160,9.990,113463.328,0.000,0.000,0.000,0.000,-4.994,0.000,0.598,0.000,0.032,0.049,14.851,0.000,37.122,0.567,-142.901,0.035,0.044,15.161,0.270,36.019,0.000,0.000,0.000,0.000,0.000,0.000,0.000,29.000,2.000,2024.000,10.000,21.000,32.000
63.000,26.090,1007.428,13.180,1.226,61.157,9.990,113461.227,0.000,0.000,0.000,0.000,-4.994,0.000,0.588,0.000,0.025,0.038,14.845,0.000,37.122,0.576,-143.688,0.019,0.049,15.185,0.216,36.019,0.000,0.000,0.000,0.000,0.000,0.000,0.000,29.000,2.000,2024.000,10.000,21.000,32.000
63.000,26.090,1007.428,13.180,1.226,61.157,9.990,113461.227,0.000,0.000,0.000,0.000,-4.994,0.000,0.577,0.000,0.025,-0.016,14.845,0.000,37.122,0.576,-143.925,0.035,0.044,15.185,0.153,36.019,0.000,0.000,0.000,0.000,0.000,0.000,0.000,29.000,2.000,2024.000,10.000,21.000,32.000
63.000,26.090,1007.428,13.180,1.226,61.157,9.990,113461.227,0.000,0.000,0.000,0.000,-4.994,0.000,0.578,0.000,0.033,0.011,14.875,0.000,37.122,0.583,-144.052,0.024,0.033,15.191,0.126,36.019,0.000,0.000,0.000,0.000,0.000,0.000,0.000,29.000,2.000,2024.000,10.000,21.000,32.000
63.000,26.090,1007.428,13.180,1.226,61.157,9.990,113461.227,0.000,0.000,0.000,0.000,-4.994,0.000,0.562,0.000,0.029,0.038,14.875,0.000,37.122,0.595,-143.514,0.030,0.005,15.191,0.438,36.019,0.000,0.000,0.000,0.000,0.000,0.000,0.000,29.000,2.000,2024.000,10.000,21.000,32.000
63.000,26.090,1007.428,13.180,1.226,61.157,9.990,113461.227,0.000,0.000,0.000,0.000,-4.994,0.000,0.532,0.000,0.028,0.027,14.858,0.000,37.118,0.608,-141.368,0.022,0.044,15.169,0.931,36.019,0.000,0.000,0.000,0.000,0.000,0.000,0.000,29.000,2.000,2024.000,10.000,21.000,32.000
63.000,26.093,1007.428,13.180,1.226,61.164,9.990,113467.699,0.000,0.000,0.000,0.000,-4.994,0.000,0.527,0.000,0.028,0.065,14.856,0.000,37.118,0.579,-138.916,0.026,0.049,15.167,0.619,36.019,0.000,0.000,0.000,0.000,0.000,0.000,0.000,29.000,2.000,2024.000,10.000,21.000,33.000
63.000,26.093,1007.428,13.180,1.226,61.164,9.990,113467.699,0.000,0.000,0.000,0.000,-4.994,0.000,0.548,0.000,0.031,0.038,14.853,0.000,37.118,0.592,-137.104,0.023,0.049,15.220,0.530,36.019,0.000,0.000,0.000,0.000,0.000,0.000,0.000,29.000,2.000,2024.000,10.000,21.000,33.000
63.000,26.094,1007.429,13.180,1.226,61.166,9.990,113469.912,0.000,0.000,0.000,0.000,-4.994,0.000,0.583,0.000,0.029,0.011,14.852,0.000,37.118,0.593,-136.018,0.036,0.027,15.233,0.214,36.019,0.000,0.000,0.000,0.000,0.000,0.000,0.000,29.000,2.000,2024.000,10.000,21.000,33.000
63.000,26.094,1007.429,13.180,1.226,61.166,9.990,113469.912,0.000,0.000,0.000,0.000,-4.994,0.000,0.583,0.000,0.027,0.033,14.870,0.000,37.122,0.581,-136.017,0.023,0.065,15.203,0.177,36.023,0.000,0.000,0.000,0.000,0.000,0.000,0.000,29.000,2.000,2024.000,10.000,21.000,33.000
63.000,26.092,1007.430,13.180,1.226,61.162,9.990,113465.654,0.000,0.000,0.000,0.000,-4.994,0.000,0.575,0.000,0.032,0.005,14.878,0.000,37.122,0.584,-135.967,0.028,0.022,15.190,0.107,36.019,0.000,0.000,0.000,0.000,0.000,0.000,0.000,29.000,2.000,2024.000,10.000,21.000,33.000
63.000,26.092,1007.430,13.180,1.226,61.162,9.990,113465.654,0.000,0.000,0.000,0.000,-4.994,0.000,0.589,0.000,0.032,0.027,14.849,0.000,37.122,0.606,-135.636,0.029,0.054,15.178,0.182,36.019,0.000,0.000,0.000,0.000,0.000,0.000,0.000,29.000,2.000,2024.000,10.000,21.000,33.000
63.000,26.095,1007.431,13.180,1.226,61.169,9.990,113472.182,0.000,0.000,0.000,0.000,-4.994,0.000,0.605,0.000,0.027,0.044,14.830,0.000,37.122,0.601,-135.411,0.022,0.038,15.171,0.148,36.019,0.000,0.000,0.000,0.000,0.000,0.000,0.000,29.000,2.000,2024.000,10.000,21.000,33.000
63.000,26.095,1007.431,13.180,1.226,61.169,9.990,113472.182,0.000,0.000,0.000,0.000,-4.994,0.000,0.591,0.000,0.028,0.044,14.843,0.000,37.122,0.599,-135.457,0.023,0.022,15.180,0.181,36.019,0.000,0.000,0.000,0.000,0.000,0.000,0.000,29.000,2.000,2024.000,10.000,21.000,33.000
63.000,26.095,1007.432,13.180,1.226,61.169,9.990,113472.238,0.000,0.000,0.000,0.000,-4.994,0.000,0.560,0.000,0.029,0.071,14.857,0.000,37.122,0.607,-134.279,0.029,0.022,15.190,0.551,36.019,0.000,0.000,0.000,0.000,0.000,0.000,0.000,29.000,2.000,2024.000,10.000,21.000,33.000
63.000,26.095,1007.432,13.180,1.226,61.169,9.990,113472.238,0.000,0.000,0.000,0.000,-4.994,0.000,0.554,0.000,0.030,0.022,14.854,0.000,37.122,0.593,-132.613,0.026,0.033,15.175,0.500,36.019,0.000,0.000,0.000,0.000,0.000,0.000,0.000,29.000,2.000,2024.000,10.000,21.000,33.000
