11.000,418.071,1007.841,13.180,1.226,979.833,39.977,454243.432,0.000,0.000,0.000,0.000,7.001,0.000,109.370,0.000,0.044,5.786,23.797,0.000,48.043,109.350,-145.869,0.016,8.660,24.533,0.238,48.831,0.000,0.000,0.000,0.000,0.000,0.000,0.000,29.000,2.000,2024.000,9.000,12.000,50.000
11.000,418.071,1007.841,13.180,1.226,979.833,39.977,454243.432,0.000,0.000,0.000,0.000,7.001,0.000,109.412,0.000,0.035,8.099,23.788,0.000,48.033,109.375,-147.029,0.068,6.266,24.542,0.292,48.827,0.000,0.000,0.000,0.000,0.000,0.000,0.000,29.000,2.000,2024.000,9.000,12.000,50.000
11.000,418.036,1007.841,13.180,1.226,979.750,39.975,454224.270,0.000,0.000,0.000,0.000,7.001,0.000,109.314,0.000,0.033,10.935,23.788,0.000,48.075,109.336,-146.747,0.054,6.473,24.542,0.411,48.866,0.000,0.000,0.000,0.000,0.000,0.000,0.000,29.000,2.000,2024.000,9.000,12.000,50.000
11.000,418.036,1007.841,13.180,1.226,979.750,39.975,454224.270,0.000,0.000,0.000,0.000,7.001,0.000,109.343,0.000,0.048,6.348,23.804,0.000,48.047,109.358,-146.942,0.017,6.626,24.564,0.298,48.820,0.000,0.000,0.000,0.000,0.000,0.000,0.000,29.000,2.000,2024.000,9.000,12.000,50.000
11.000,418.024,1007.840,13.180,1.226,979.722,39.975,454217.475,0.000,0.000,0.000,0.000,7.001,0.000,109.323,0.000,0.059,6.817,23.804,0.000,48.085,109.376,-145.792,0.061,6.452,24.564,0.861,48.701,0.000,0.000,0.000,0.000,0.000,0.000,0.000,29.000,2.000,2024.000,9.000,12.000,50.000
11.000,418.024,1007.840,13.180,1.226,979.722,39.975,454217.475,0.000,0.000,0.000,0.000,7.001,0.000,109.331,0.000,0.048,6.866,23.788,0.000,48.078,109.349,-144.556,0.044,8.671,24.558,0.400,48.838,0.000,0.000,0.000,0.000,0.000,0.000,0.000,29.000,2.000,2024.000,9.000,12.000,50.000
11.000,418.051,1007.838,13.180,1.226,979.785,39.976,454231.806,0.000,0.000,0.000,0.000,7.001,0.000,109.398,0.000,0.044,5.263,23.786,0.000,48.068,109.337,-145.177,0.031,6.326,24.557,0.861,48.824,0.000,0.000,0.000,0.000,0.000,0.000,0.000,29.000,2.000,2024.000,9.000,12.000,50.000
11.000,418.051,1007.838,13.180,1.226,979.785,39.976,454231.806,0.000,0.000,0.000,0.000,7.001,0.000,109.362,0.000,0.027,9.059,23.785,0.000,48.040,109.356,-145.502,0.045,4.952,24.562,0.323,48.761,0.000,0.000,0.000,0.000,0.000,0.000,0.000,29.000,2.000,2024.000,9.000,12.000,50.000
11.000,418.073,1007.835,13.180,1.226,979.837,39.977,454243.174,0.000,0.000,0.000,0.000,7.001,0.000,109.383,0.000,0.051,6.293,23.785,0.000,48.057,109.369,-146.110,0.026,6.299,24.564,0.226,48.803,0.000,0.000,0.000,0.000,0.000,0.000,0.000,29.000,2.000,2024.000,9.000,12.000,50.000
11.000,418.073,1007.835,13.180,1.226,979.837,39.977,454243.174,0.000,0.000,0.000,0.000,7.001,0.000,109.367,0.000,0.053,6.626,23.793,0.000,48.036,109.369,-146.171,0.050,10.226,24.547,0.370,48.831,0.000,0.000,0.000,0.000,0.000,0.000,0.000,29.000,2.000,2024.000,9.000,12.000,51.000
11.000,418.073,1007.835,13.180,1.226,979.837,39.977,454243.174,0.000,0.000,0.000,0.000,7.001,0.000,109.353,0.000,0.037,5.186,23.797,0.000,47.998,109.383,-145.944,0.042,8.328,24.540,0.568,48.852,0.000,0.000,0.000,0.000,0.000,0.000,0.000,29.000,2.000,2024.000,9.000,12.000,51.000
11.000,418.083,1007.835,13.180,1.226,979.861,39.978,454248.649,0.000,0.000,0.000,0.000,7.001,0.000,109.374,0.000,0.044,8.628,23.791,0.000,48.075,109.363,-145.276,0.041,5.459,24.539,0.160,48.757,0.000,0.000,0.000,0.000,0.000,0.000,0.000,29.000,2.000,2024.000,9.000,12.000,51.000
11.000,418.083,1007.835,13.180,1.226,979.861,39.978,454248.649,0.000,0.000,0.000,0.000,7.001,0.000,109.345,0.000,0.068,9.713,23.788,0.000,48.064,109.347,-145.313,0.052,6.032,24.539,0.259,48.859,0.000,0.000,0.000,0.000,0.000,0.000,0.000,29.000,2.000,2024.000,9.000,12.000,51.000
11.000,418.115,1007.833,13.180,1.226,979.936,39.979,454265.716,0.000,0.000,0.000,0.000,7.001,0.000,109.402,0.000,0.046,6.097,23.786,0.000,47.977,109.361,-146.657,0.076,5.268,24.527,0.828,48.796,0.000,0.000,0.000,0.000,0.000,0.000,0.000,29.000,2.000,2024.000,9.000,12.000,51.000
11.000,418.115,1007.833,13.180,1.226,979.936,39.979,454265.716,0.000,0.000,0.000,0.000,7.001,0.000,109.327,0.000,0.054,6.419,23.785,0.000,48.127,109.360,-145.450,0.064,7.635,24.515,0.350,48.859,0.000,0.000,0.000,0.000,0.000,0.000,0.000,29.000,2.000,2024.000,9.000,12.000,51.000
11.000,418.147,1007.833,13.180,1.226,980.012,39.981,454283.234,0.000,0.000,0.000,0.000,7.001,0.000,109.393,0.000,0.058,6.408,23.786,0.000,47.963,109.300,-147.271,0.050,9.293,24.519,1.189,48.869,0.000,0.000,0.000,0.000,0.000,0.000,0.000,29.000,2.000,2024.000,9.000,12.000,51.000
11.000,418.147,1007.833,13.180,1.226,980.012,39.981,454283.234,0.000,0.000,0.000,0.000,7.001,0.000,109.341,0.000,0.034,6.397,23.787,0.000,48.036,109.344,-148.593,0.028,7.041,24.526,0.104,48.838,0.000,0.000,0.000,0.000,0.000,0.000,0.000,29.000,2.000,2024.000,9.000,12.000,51.000
11.000,418.153,1007.832,13.180,1.226,980.026,39.981,454286.293,0.000,0.000,0.000,0.000,7.001,0.000,109.336,0.000,0.063,13.432,23.788,0.000,48.026,109.373,-148.034,0.052,5.726,24.523,0.729,48.754,0.000,0.000,0.000,0.000,0.000,0.000,0.000,29.000,2.000,2024.000,9.000,12.000,51.000
11.000,418.153,1007.832,13.180,1.226,980.026,39.981,454286.293,0.000,0.000,0.000,0.000,7.001,0.000,109.366,0.000,0.042,7.957,23.789,0.000,48.078,109.319,-147.892,0.045,6.681,24.516,0.466,48.827,0.000,0.000,0.000,0.000,0.000,0.000,0.000,29.000,2.000,2024.000,9.000,12.000,51.000
11.000,418.205,1007.833,13.180,1.226,980.149,39.984,454314.982,0.000,0.000,0.000,0.000,7.001,0.000,109.386,0.000,0.050,6.184,23.788,0.000,48.005,109.400,-149.288,0.065,5.585,24.518,0.288,48.848,0.000,0.000,0.000,0.000,0.000,0.000,0.000,29.000,2.000,2024.000,9.000,12.000,52.000
11.000,418.205,1007.833,13.180,1.226,980.149,39.984,454314.982,0.000,0.000,0.000,0.000,7.001,0.000,109.364,0.000,0.060,5.639,23.788,0.000,47.966,109.363,-147.985,0.040,8.115,24.524,0.333,48.813,0.000,0.000,0.000,0.000,0.000,0.000,0.000,29.000,2.000,2024.000,9.000,12.000,52.000
11.000,418.242,1007.829,13.180,1.226,980.236,39.985,454334.333,0.000,0.000,0.000,0.000,7.001,0.000,109.375,0.000,0.060,7.832,23.788,0.000,48.050,109.360,-148.744,0.046,5.306,24.525,0.378,48.831,0.000,0.000,0.000,0.000,0.000,0.000,0.000,29.000,2.000,2024.000,9.000,12.000,52.000
11.000,418.242,1007.829,13.180,1.226,980.236,39.985,454334.333,0.000,0.000,0.000,0.000,7.001,0.000,109.329,0.000,0.054,8.431,23.789,0.000,48.033,109.422,-147.244,0.089,6.370,24.530,1.233,48.862,0.000,0.000,0.000,0.000,0.000,0.000,0.000,29.000,2.000,2024.000,9.000,12.000,52.000
11.000,418.242,1007.829,13.180,1.226,980.236,39.985,454334.333,0.000,0.000,0.000,0.000,7.001,0.000,109.336,0.000,0.024,5.481,23.789,0.000,48.022,109.372,-145.202,0.101,6.201,24.530,0.550,48.775,0.000,0.000,0.000,0.000,0.000,0.000,0.000,29.000,2.000,2024.000,9.000,12.000,52.000
11.000,418.265,1007.830,13.180,1.226,980.291,39.986,454347.147,0.000,0.000,0.000,0.000,7.001,0.000,109.367,0.000,0.057,6.375,23.775,0.000,48.043,109.370,-143.095,0.047,7.968,24.543,0.389,48.775,0.000,0.000,0.000,0.000,0.000,0.000,0.000,29.000,2.000,2024.000,9.000,12.000,52.000
11.000,418.265,1007.830,13.180,1.226,980.291,39.986,454347.147,0.000,0.000,0.000,0.000,7.001,0.000,109.417,0.000,0.022,6.354,23.775,0.000,48.026,109.328,-145.270,0.020,10.357,24.543,0.898,48.806,0.000,0.000,0.000,0.000,0.000,0.000,0.000,29.000,2.000,2024.000,9.000,12.000,52.000
11.000,418.255,1007.828,13.180,1.226,980.267,39.986,454341.223,0.000,0.000,0.000,0.000,7.001,0.000,109.325,0.000,0.040,7.068,23.775,0.000,48.026,109.348,-146.179,0.024,6.588,24.516,0.470,48.820,0.000,0.000,0.000,0.000,0.000,0.000,0.000,29.000,2.000,2024.000,9.000,12.000,52.000
11.000,418.255,1007.828,13.180,1.226,980.267,39.986,454341.223,0.000,0.000,0.000,0.000,7.001,0.000,109.365,0.000,0.064,11.589,23.776,0.000,48.026,109.412,-144.455,0.035,6.337,24.513,0.609,48.778,0.000,0.000,0.000,0.000,0.000,0.000,0.000,29.000,2.000,2024.000,9.000,12.000,52.000
11.000,418.233,1007.830,13.180,1.226,980.215,39.985,454329.632,0.000,0.000,0.000,0.000,7.001,0.000,109.357,0.000,0.028,6.730,23.770,0.000,47.956,109.359,-143.974,0.060,5.972,24.515,0.319,48.827,0.000,0.000,0.000,0.000,0.000,0.000,0.000,29.000,2.000,2024.000,9.000,12.000,52.000
11.000,418.233,1007.830,13.180,1.226,980.215,39.985,454329.632,0.000,0.000,0.000,0.000,7.001,0.000,109.336,0.000,0.031,6.386,23.769,0.000,48.050,109.358,-143.037,0.047,6.092,24.515,0.278,48.810,0.000,0.000,0.000,0.000,0.000,0.000,0.000,29.000,2.000,2024.000,9.000,12.000,53.000
11.000,418.231,1007.830,13.180,1.226,980.210,39.985,454328.538,0.000,0.000,0.000,0.000,7.001,0.000,109.367,0.000,0.039,7.122,23.771,0.000,48.047,109.365,-143.303,0.016,10.896,24.519,0.330,48.817,0.000,0.000,0.000,0.000,0.000,0.000,0.000,29.000,2.000,2024.000,9.000,12.000,53.000
11.000,418.231,1007.830,13.180,1.226,980.210,39.985,454328.538,0.000,0.000,0.000,0.000,7.001,0.000,109.336,0.000,0.037,5.236,23.773,0.000,48.036,109.404,-141.758,0.078,7.275,24.521,1.185,48.838,0.000,0.000,0.000,0.000,0.000,0.000,0.000,29.000,2.000,2024.000,9.000,12.000,53.000
11.000,418.233,1007.830,13.180,1.226,980.215,39.985,454329.632,0.000,0.000,0.000,0.000,7.001,0.000,109.386,0.000,0.054,9.282,23.766,0.000,48.071,109.355,-141.002,0.058,6.234,24.535,0.289,48.848,0.000,0.000,0.000,0.000,0.000,0.000,0.000,29.000,2.000,2024.000,9.000,12.000,53.000
11.000,418.233,1007.830,13.180,1.226,980.215,39.985,454329.632,0.000,0.000,0.000,0.000,7.001,0.000,109.425,0.000,0.025,6.250,23.762,0.000,48.005,109.348,-143.247,0.040,5.579,24.545,0.849,48.806,0.000,0.000,0.000,0.000,0.000,0.000,0.000,29.000,2.000,2024.000,9.000,12.000,53.000
11.000,418.222,1007.827,13.180,1.226,980.189,39.984,454322.935,0.000,0.000,0.000,0.000,7.001,0.000,109.348,0.000,0.036,6.768,23.761,0.000,48.026,109.399,-143.404,0.043,8.911,24.534,0.515,48.834,0.000,0.000,0.000,0.000,0.000,0.000,0.000,29.000,2.000,2024.000,9.000,12.000,53.000
11.000,418.222,1007.827,13.180,1.226,980.189,39.984,454322.935,0.000,0.000,0.000,0.000,7.001,0.000,109.351,0.000,0.051,5.764,23.759,0.000,48.022,109.366,-142.082,0.021,8.333,24.524,0.197,48.806,0.000,0.000,0.000,0.000,0.000,0.000,0.000,29.000,2.000,2024.000,9.000,12.000,53.000
11.000,418.207,1007.825,13.180,1.226,980.154,39.984,454314.274,0.000,0.000,0.000,0.000,7.001,0.000,109.349,0.000,0.042,6.872,23.756,0.000,47.987,109.389,-141.348,0.041,5.514,24.529,0.687,48.827,0.000,0.000,0.000,0.000,0.000,0.000,0.000,29.000,2.000,2024.000,9.000,12.000,53.000
11.000,418.207,1007.825,13.180,1.226,980.154,39.984,454314.274,0.000,0.000,0.000,0.000,7.001,0.000,109.317,0.000,0.038,10.493,23.750,0.000,48.050,109.360,-139.520,0.041,5.955,24.537,0.496,48.803,0.000,0.000,0.000,0.000,0.000,0.000,0.000,29.000,2.000,2024.000,9.000,12.000,53.000
11.000,418.207,1007.825,13.180,1.226,980.154,39.984,454314.274,0.000,0.000,0.000,0.000,7.001,0.000,109.360,0.000,0.024,6.141,23.749,0.000,48.001,109.365,-139.055,0.036,5.912,24.532,0.218,48.764,0.000,0.000,0.000,0.000,0.000,0.000,0.000,29.000,2.000,2024.000,9.000,12.000,53.000
11.000,418.241,1007.826,13.180,1.226,980.234,39.985,454333.110,0.000,0.000,0.000,0.000,7.001,0.000,109.430,0.000,0.084,6.250,23.746,0.000,48.040,109.372,-140.204,0.045,8.873,24.520,0.874,48.799,0.000,0.000,0.000,0.000,0.000,0.000,0.000,29.000,2.000,2024.000,9.000,12.000,54.000
11.000,418.241,1007.826,13.180,1.226,980.234,39.985,454333.110,0.000,0.000,0.000,0.000,7.001,0.000,109.373,0.000,0.043,6.757,23.752,0.000,48.036,109.323,-141.699,0.009,9.593,24.518,0.626,48.817,0.000,0.000,0.000,0.000,0.000,0.000,0.000,29.000,2.000,2024.000,9.000,12.000,54.000
11.000,418.232,1007.828,13.180,1.226,980.213,39.985,454328.634,0.000,0.000,0.000,0.000,7.001,0.000,109.358,0.000,0.048,5.023,23.774,0.000,48.019,109.288,-143.848,0.037,7.384,24.510,0.955,48.883,0.000,0.000,0.000,0.000,0.000,0.000,0.000,29.000,2.000,2024.000,9.000,12.000,54.000
11.000,418.232,1007.828,13.180,1.226,980.213,39.985,454328.634,0.000,0.000,0.000,0.000,7.001,0.000,109.365,0.000,0.062,13.776,23.772,0.000,47.977,109.353,-144.632,0.066,6.195,24.511,0.632,48.778,0.000,0.000,0.000,0.000,0.000,0.000,0.000,29.000,2.000,2024.000,9.000,12.000,54.000
11.000,418.213,1007.825,13.180,1.226,980.168,39.984,454317.558,0.000,0.000,0.000,0.000,7.001,0.000,109.381,0.000,0.022,7.712,23.749,0.000,47.973,109.352,-146.177,0.039,7.041,24.515,0.414,48.789,0.000,0.000,0.000,0.000,0.000,0.000,0.000,29.000,2.000,2024.000,9.000,12.000,54.000
11.000,418.213,1007.825,13.180,1.226,980.168,39.984,454317.558,0.000,0.000,0.000,0.000,7.001,0.000,109.351,0.000,0.046,6.523,23.749,0.000,47.966,109.327,-146.929,0.042,7.581,24.515,0.442,48.799,0.000,0.000,0.000,0.000,0.000,0.000,0.000,29.000,2.000,2024.000,9.000,12.000,54.000
11.000,418.204,1007.822,13.180,1.226,980.147,39.984,454311.956,0.000,0.000,0.000,0.000,7.001,0.000,109.314,0.000,0.052,5.824,23.736,0.000,48.057,109.350,-146.370,0.031,8.846,24.505,0.407,48.785,0.000,0.000,0.000,0.000,0.000,0.000,0.000,29.000,2.000,2024.000,9.000,12.000,54.000
11.000,418.204,1007.822,13.180,1.226,980.147,39.984,454311.956,0.000,0.000,0.000,0.000,7.001,0.000,109.332,0.000,0.054,8.017,23.736,0.000,48.015,109.324,-146.061,0.060,6.195,24.505,0.169,48.890,0.000,0.000,0.000,0.000,0.000,0.000,0.000,29.000,2.000,2024.000,9.000,12.000,54.000
11.000,418.191,1007.823,13.180,1.226,980.116,39.983,454305.065,0.000,0.000,0.000,0.000,7.001,0.000,109.368,0.000,0.043,9.697,23.739,0.000,48.106,109.380,-146.025,0.029,6.075,24.527,0.270,48.827,0.000,0.000,0.000,0.000,0.000,0.000,0.000,29.000,2.000,2024.000,9.000,12.000,54.000
11.000,418.191,1007.823,13.180,1.226,980.116,39.983,454305.065,0.000,0.000,0.000,0.000,7.001,0.000,109.376,0.000,0.054,6.506,23.739,0.000,48.015,109.348,-145.984,0.028,5.857,24.530,0.329,48.813,0.000,0.000,0.000,0.000,0.000,0.000,0.000,29.000,2.000,2024.000,9.000,12.000,54.000
11.000,418.153,1007.822,13.180,1.226,980.026,39.981,454284.039,0.000,0.000,0.000,0.000,7.001,0.000,109.412,0.000,0.048,6.757,23.751,0.000,48.005,109.347,-148.078,0.066,5.819,24.516,0.545,48.736,0.000,0.000,0.000,0.000,0.000,0.000,0.000,29.000,2.000,2024.000,9.000,12.000,55.000
11.000,418.153,1007.822,13.180,1.226,980.026,39.981,454284.039,0.000,0.000,0.000,0.000,7.001,0.000,109.398,0.000,0.056,5.241,23.753,0.000,47.959,109.380,-149.852,0.036,7.712,24.513,0.152,48.796,0.000,0.000,0.000,0.000,0.000,0.000,0.000,29.000,2.000,2024.000,9.000,12.000,55.000
11.000,418.149,1007.822,13.180,1.226,980.017,39.981,454281.849,0.000,0.000,0.000,0.000,7.001,0.000,109.360,0.000,0.026,5.792,23.756,0.000,47.991,109.396,-149.311,0.022,6.173,24.516,0.351,48.778,0.000,0.000,0.000,0.000,0.000,0.000,0.000,29.000,2.000,2024.000,9.000,12.000,55.000
11.000,418.149,1007.822,13.180,1.226,980.017,39.981,454281.849,0.000,0.000,0.000,0.000,7.001,0.000,109.371,0.000,0.050,9.566,23.758,0.000,48.033,109.395,-147.538,0.041,5.165,24.517,0.527,48.757,0.000,0.000,0.000,0.000,0.000,0.000,0.000,29.000,2.000,2024.000,9.000,12.000,55.000
11.000,418.149,1007.822,13.180,1.226,980.017,39.981,454281.849,0.000,0.000,0.000,0.000,7.001,0.000,109.357,0.000,0.048,5.552,23.746,0.000,47.984,109.403,-147.846,0.055,7.166,24.517,0.796,48.810,0.000,0.000,0.000,0.000,0.000,0.000,0.000,29.000,2.000,2024.000,9.000,12.000,55.000
11.000,418.122,1007.821,13.180,1.226,979.953,39.980,454266.844,0.000,0.000,0.000,0.000,7.001,0.000,109.313,0.000,0.042,5.061,23.738,0.000,48.050,109.306,-146.589,0.031,5.650,24.518,0.216,48.820,0.000,0.000,0.000,0.000,0.000,0.000,0.000,29.000,2.000,2024.000,9.000,12.000,55.000
11.000,418.122,1007.821,13.180,1.226,979.953,39.980,454266.844,0.000,0.000,0.000,0.000,7.001,0.000,109.344,0.000,0.024,7.024,23.740,0.000,48.064,109.332,-146.599,0.019,10.422,24.507,0.151,48.817,0.000,0.000,0.000,0.000,0.000,0.000,0.000,29.000,2.000,2024.000,9.000,12.000,55.000
11.000,418.088,1007.820,13.180,1.226,979.873,39.978,454248.006,0.000,0.000,0.000,0.000,7.001,0.000,109.336,0.000,0.047,8.284,23.743,0.000,48.061,109.409,-145.843,0.064,5.759,24.496,1.052,48.698,0.000,0.000,0.000,0.000,0.000,0.000,0.000,29.000,2.000,2024.000,9.000,12.000,55.000
11.000,418.088,1007.820,13.180,1.226,979.873,39.978,454248.006,0.000,0.000,0.000,0.000,7.001,0.000,109.368,0.000,0.043,9.669,23.740,0.000,48.089,109.359,-144.342,0.078,6.413,24.505,0.243,48.729,0.000,0.000,0.000,0.000,0.000,0.000,0.000,29.000,2.000,2024.000,9.000,12.000,55.000
11.000,418.062,1007.819,13.180,1.226,979.811,39.977,454233.547,0.000,0.000,0.000,0.000,7.001,0.000,109.345,0.000,0.051,5.634,23.735,0.000,48.085,109.374,-143.384,0.048,5.885,24.518,0.332,48.796,0.000,0.000,0.000,0.000,0.000,0.000,0.000,29.000,2.000,2024.000,9.000,12.000,55.000
11.000,418.062,1007.819,13.180,1.226,979.811,39.977,454233.547,0.000,0.000,0.000,0.000,7.001,0.000,109.333,0.000,0.035,6.757,23.735,0.000,48.068,109.347,-142.749,0.060,6.397,24.510,0.329,48.852,0.000,0.000,0.000,0.000,0.000,0.000,0.000,29.000,2.000,2024.000,9.000,12.000,56.000
11.000,418.030,1007.816,13.180,1.226,979.736,39.975,454215.352,0.000,0.000,0.000,0.000,7.001,0.000,109.349,0.000,0.067,5.994,23.735,0.000,48.057,109.340,-142.869,0.048,10.264,24.492,0.471,48.813,0.000,0.000,0.000,0.000,0.000,0.000,0.000,29.000,2.000,2024.000,9.000,12.000,56.000
11.000,418.030,1007.816,13.180,1.226,979.736,39.975,454215.352,0.000,0.000,0.000,0.000,7.001,0.000,109.391,0.000,0.031,7.128,23.740,0.000,47.977,109.332,-143.601,0.075,6.855,24.493,0.839,48.838,0.000,0.000,0.000,0.000,0.000,0.000,0.000,29.000,2.000,2024.000,9.000,12.000,56.000
11.000,418.067,1007.813,13.180,1.226,979.823,39.977,454234.932,0.000,0.000,0.000,0.000,7.001,0.000,109.357,0.000,0.043,9.468,23.762,0.000,48.064,109.376,-144.555,0.026,5.863,24.499,0.294,48.813,0.000,0.000,0.000,0.000,0.000,0.000,0.000,29.000,2.000,2024.000,9.000,12.000,56.000
11.000,418.067,1007.813,13.180,1.226,979.823,39.977,454234.932,0.000,0.000,0.000,0.000,7.001,0.000,109.380,0.000,0.054,6.970,23.758,0.000,47.984,109.332,-144.525,0.034,6.506,24.498,0.613,48.817,0.000,0.000,0.000,0.000,0.000,0.000,0.000,29.000,2.000,2024.000,9.000,12.000,56.000
11.000,418.067,1007.813,13.180,1.226,979.823,39.977,454234.932,0.000,0.000,0.000,0.000,7.001,0.000,109.409,0.000,0.035,6.108,23.727,0.000,47.991,109.387,-146.511,0.037,6.015,24.495,0.331,48.806,0.000,0.000,0.000,0.000,0.000,0.000,0.000,29.000,2.000,2024.000,9.000,12.000,56.000
11.000,418.069,1007.814,13.180,1.226,979.828,39.977,454236.252,0.000,0.000,0.000,0.000,7.001,0.000,109.325,0.000,0.035,7.057,23.727,0.000,48.047,109.378,-145.919,0.027,7.848,24.495,0.655,48.831,0.000,0.000,0.000,0.000,0.000,0.000,0.000,29.000,2.000,2024.000,9.000,12.000,56.000
11.000,418.069,1007.814,13.180,1.226,979.828,39.977,454236.252,0.000,0.000,0.000,0.000,7.001,0.000,109.347,0.000,0.018,5.421,23.711,0.000,48.110,109.367,-144.098,0.022,7.101,24.501,0.313,48.824,0.000,0.000,0.000,0.000,0.000,0.000,0.000,29.000,2.000,2024.000,9.000,12.000,56.000
11.000,418.085,1007.814,13.180,1.226,979.866,39.978,454245.011,0.000,0.000,0.000,0.000,7.001,0.000,109.377,0.000,0.025,8.197,23.711,0.000,47.998,109.329,-145.177,0.033,6.942,24.501,0.650,48.803,0.000,0.000,0.000,0.000,0.000,0.000,0.000,29.000,2.000,2024.000,9.000,12.000,56.000
11.000,418.085,1007.814,13.180,1.226,979.866,39.978,454245.011,0.000,0.000,0.000,0.000,7.001,0.000,109.378,0.000,0.045,5.121,23.712,0.000,47.998,109.350,-146.590,0.031,5.961,24.497,0.475,48.820,0.000,0.000,0.000,0.000,0.000,0.000,0.000,29.000,2.000,2024.000,9.000,12.000,56.000
11.000,418.154,1007.817,13.180,1.226,980.029,39.981,454283.459,0.000,0.000,0.000,0.000,7.001,0.000,109.337,0.000,0.018,6.626,23.713,0.000,48.071,109.348,-146.199,0.015,9.418,24.497,0.311,48.827,0.000,0.000,0.000,0.000,0.000,0.000,0.000,29.000,2.000,2024.000,9.000,12.000,57.000
11.000,418.154,1007.817,13.180,1.226,980.029,39.981,454283.459,0.000,0.000,0.000,0.000,7.001,0.000,109.347,0.000,0.035,5.895,23.721,0.000,48.096,109.332,-146.246,0.023,10.035,24.490,0.199,48.834,0.000,0.000,0.000,0.000,0.000,0.000,0.000,29.000,2.000,2024.000,9.000,12.000,57.000
11.000,418.202,1007.816,13.180,1.226,980.142,39.984,454309.509,0.000,0.000,0.000,0.000,7.001,0.000,109.354,0.000,0.024,11.240,23.724,0.000,48.033,109.371,-146.425,0.053,7.575,24.489,0.184,48.848,0.000,0.000,0.000,0.000,0.000,0.000,0.000,29.000,2.000,2024.000,9.000,12.000,57.000
11.000,418.202,1007.816,13.180,1.226,980.142,39.984,454309.509,0.000,0.000,0.000,0.000,7.001,0.000,109.385,0.000,0.026,13.116,23.721,0.000,48.008,109.421,-145.334,0.039,6.283,24.496,0.575,48.789,0.000,0.000,0.000,0.000,0.000,0.000,0.000,29.000,2.000,2024.000,9.000,12.000,57.000
11.000,418.239,1007.817,13.180,1.226,980.229,39.985,454329.986,0.000,0.000,0.000,0.000,7.001,0.000,109.348,0.000,0.040,6.490,23.720,0.000,48.008,109.340,-145.402,0.047,5.612,24.499,0.345,48.796,0.000,0.000,0.000,0.000,0.000,0.000,0.000,29.000,2.000,2024.000,9.000,12.000,57.000
11.000,418.239,1007.817,13.180,1.226,980.229,39.985,454329.986,0.000,0.000,0.000,0.000,7.001,0.000,109.324,0.000,0.030,5.885,23.731,0.000,48.061,109.362,-143.967,0.039,6.386,24.502,0.351,48.813,0.000,0.000,0.000,0.000,0.000,0.000,0.000,29.000,2.000,2024.000,9.000,12.000,57.000
11.000,418.309,1007.816,13.180,1.226,980.395,39.989,454368.073,0.000,0.000,0.000,0.000,7.001,0.000,109.373,0.000,0.024,5.874,23.738,0.000,48.036,109.395,-143.228,0.023,5.481,24.503,0.347,48.799,0.000,0.000,0.000,0.000,0.000,0.000,0.000,29.000,2.000,2024.000,9.000,12.000,57.000
11.000,418.309,1007.816,13.180,1.226,980.395,39.989,454368.073,0.000,0.000,0.000,0.000,7.001,0.000,109.386,0.000,0.048,9.882,23.735,0.000,48.026,109.333,-143.280,0.065,6.326,24.502,1.000,48.792,0.000,0.000,0.000,0.000,0.000,0.000,0.000,29.000,2.000,2024.000,9.000,12.000,57.000
11.000,418.309,1007.816,13.180,1.226,980.395,39.989,454368.073,0.000,0.000,0.000,0.000,7.001,0.000,109.355,0.000,0.049,5.590,23.731,0.000,47.984,109.364,-144.055,0.046,5.803,24.500,0.123,48.799,0.000,0.000,0.000,0.000,0.000,0.000,0.000,29.000,2.000,2024.000,9.000,12.000,57.000
11.000,418.331,1007.817,13.180,1.226,980.447,39.990,454380.339,0.000,0.000,0.000,0.000,7.001,0.000,109.341,0.000,0.047,5.939,23.735,0.000,48.015,109.385,-143.107,0.069,7.695,24.490,0.758,48.813,0.000,0.000,0.000,0.000,0.000,0.000,0.000,29.000,2.000,2024.000,9.000,12.000,57.000
11.000,418.331,1007.817,13.180,1.226,980.447,39.990,454380.339,0.000,0.000,0.000,0.000,7.001,0.000,109.374,0.000,0.030,5.257,23.740,0.000,48.033,109.384,-142.481,0.052,7.122,24.473,0.264,48.785,0.000,0.000,0.000,0.000,0.000,0.000,0.000,29.000,2.000,2024.000,9.000,12.000,58.000
11.000,418.361,1007.817,13.180,1.226,980.517,39.991,454396.758,0.000,0.000,0.000,0.000,7.001,0.000,109.339,0.000,0.026,9.418,23.737,0.000,48.054,109.426,-139.754,0.086,6.021,24.482,1.006,48.848,0.000,0.000,0.000,0.000,0.000,0.000,0.000,29.000,2.000,2024.000,9.000,12.000,58.000
11.000,418.361,1007.817,13.180,1.226,980.517,39.991,454396.758,0.000,0.000,0.000,0.000,7.001,0.000,109.396,0.000,0.017,8.491,23.729,0.000,48.008,109.330,-140.155,0.022,5.857,24.503,0.796,48.799,0.000,0.000,0.000,0.000,0.000,0.000,0.000,29.000,2.000,2024.000,9.000,12.000,58.000
11.000,418.369,1007.820,13.180,1.226,980.536,39.992,454401.812,0.000,0.000,0.000,0.000,7.001,0.000,109.342,0.000,0.066,5.944,23.724,0.000,48.092,109.375,-140.493,0.038,6.468,24.499,0.662,48.817,0.000,0.000,0.000,0.000,0.000,0.000,0.000,29.000,2.000,2024.000,9.000,12.000,58.000
11.000,418.369,1007.820,13.180,1.226,980.536,39.992,454401.812,0.000,0.000,0.000,0.000,7.001,0.000,109.382,0.000,0.081,7.221,23.706,0.000,48.061,109.382,-140.111,0.019,10.035,24.483,0.552,48.792,0.000,0.000,0.000,0.000,0.000,0.000,0.000,29.000,2.000,2024.000,9.000,12.000,58.000
11.000,418.328,1007.818,13.180,1.226,980.440,39.990,454378.923,0.000,0.000,0.000,0.000,7.001,0.000,109.342,0.000,0.080,5.459,23.708,0.000,48.117,109.367,-139.964,0.018,7.771,24.485,0.311,48.782,0.000,0.000,0.000,0.000,0.000,0.000,0.000,29.000,2.000,2024.000,9.000,12.000,58.000
11.000,418.328,1007.818,13.180,1.226,980.440,39.990,454378.923,0.000,0.000,0.000,0.000,7.001,0.000,109.315,0.000,0.028,8.770,23.722,0.000,48.106,109.375,-138.700,0.053,5.824,24.496,0.624,48.764,0.000,0.000,0.000,0.000,0.000,0.000,0.000,29.000,2.000,2024.000,9.000,12.000,58.000
11.000,418.312,1007.820,13.180,1.226,980.402,39.989,454370.617,0.000,0.000,0.000,0.000,7.001,0.000,109.378,0.000,0.042,10.335,23.722,0.000,48.071,109.389,-137.496,0.072,6.654,24.496,0.391,48.841,0.000,0.000,0.000,0.000,0.000,0.000,0.000,29.000,2.000,2024.000,9.000,12.000,58.000
11.000,418.312,1007.820,13.180,1.226,980.402,39.989,454370.617,0.000,0.000,0.000,0.000,7.001,0.000,109.362,0.000,0.023,6.255,23.717,0.000,48.050,109.404,-136.564,0.065,5.748,24.487,0.823,48.810,0.000,0.000,0.000,0.000,0.000,0.000,0.000,29.000,2.000,2024.000,9.000,12.000,58.000
11.000,418.312,1007.820,13.180,1.226,980.402,39.989,454370.617,0.000,0.000,0.000,0.000,7.001,0.000,109.388,0.000,0.043,6.986,23.717,0.000,48.047,109.321,-136.823,0.037,7.504,24.487,0.769,48.862,0.000,0.000,0.000,0.000,0.000,0.000,0.000,29.000,2.000,2024.000,9.000,12.000,58.000
11.000,418.333,1007.823,13.180,1.226,980.451,39.990,454382.786,0.000,0.000,0.000,0.000,7.001,0.000,109.333,0.000,0.029,5.830,23.703,0.000,47.973,109.349,-137.407,0.013,8.742,24.468,0.212,48.799,0.000,0.000,0.000,0.000,0.000,0.000,0.000,29.000,2.000,2024.000,9.000,12.000,59.000
11.000,418.333,1007.823,13.180,1.226,980.451,39.990,454382.786,0.000,0.000,0.000,0.000,7.001,0.000,109.406,0.000,0.057,8.480,23.702,0.000,47.956,109.369,-137.445,0.039,6.026,24.466,0.461,48.824,0.000,0.000,0.000,0.000,0.000,0.000,0.000,29.000,2.000,2024.000,9.000,12.000,59.000
11.000,418.334,1007.821,13.180,1.226,980.454,39.990,454382.883,0.000,0.000,0.000,0.000,7.001,0.000,109.327,0.000,0.062,6.457,23.709,0.000,48.019,109.360,-137.616,0.051,5.934,24.492,0.366,48.750,0.000,0.000,0.000,0.000,0.000,0.000,0.000,29.000,2.000,2024.000,9.000,12.000,59.000
11.000,418.334,1007.821,13.180,1.226,980.454,39.990,454382.883,0.000,0.000,0.000,0.000,7.001,0.000,109.340,0.000,0.054,6.081,23.710,0.000,48.082,109.358,-136.426,0.044,7.259,24.498,0.231,48.771,0.000,0.000,0.000,0.000,0.000,0.000,0.000,29.000,2.000,2024.000,9.000,12.000,59.000
11.000,418.287,1007.823,13.180,1.226,980.343,39.988,454357.611,0.000,0.000,0.000,0.000,7.001,0.000,109.437,0.000,0.048,7.379,23.713,0.000,47.994,109.403,-137.136,0.037,11.671,24.494,0.341,48.722,0.000,0.000,0.000,0.000,0.000,0.000,0.000,29.000,2.000,2024.000,9.000,12.000,59.000
11.000,418.287,1007.823,13.180,1.226,980.343,39.988,454357.611,0.000,0.000,0.000,0.000,7.001,0.000,109.347,0.000,0.043,5.072,23.714,0.000,48.008,109.374,-136.915,0.060,6.354,24.492,0.527,48.775,0.000,0.000,0.000,0.000,0.000,0.000,0.000,29.000,2.000,2024.000,9.000,12.000,59.000
11.000,418.244,1007.824,13.180,1.226,980.241,39.986,454334.301,0.000,0.000,0.000,0.000,7.001,0.000,109.389,0.000,0.070,8.562,23.694,0.000,48.050,109.341,-137.264,0.035,5.835,24.495,0.557,48.768,0.000,0.000,0.000,0.000,0.000,0.000,0.000,29.000,2.000,2024.000,9.000,12.000,59.000
11.000,418.244,1007.824,13.180,1.226,980.241,39.986,454334.301,0.000,0.000,0.000,0.000,7.001,0.000,109.360,0.000,0.031,8.884,23.681,0.000,48.008,109.335,-138.472,0.041,6.621,24.498,0.361,48.771,0.000,0.000,0.000,0.000,0.000,0.000,0.000,29.000,2.000,2024.000,9.000,12.000,59.000
11.000,418.254,1007.822,13.180,1.226,980.265,39.986,454339.323,0.000,0.000,0.000,0.000,7.001,0.000,109.357,0.000,0.022,5.841,23.696,0.000,48.008,109.374,-139.176,0.054,6.343,24.488,0.277,48.729,0.000,0.000,0.000,0.000,0.000,0.000,0.000,29.000,2.000,2024.000,9.000,12.000,59.000
11.000,418.254,1007.822,13.180,1.226,980.265,39.986,454339.323,0.000,0.000,0.000,0.000,7.001,0.000,109.322,0.000,0.031,7.215,23.711,0.000,48.071,109.343,-137.959,0.049,9.800,24.479,0.353,48.799,0.000,0.000,0.000,0.000,0.000,0.000,0.000,29.000,2.000,2024.000,9.000,12.000,59.000
11.000,418.252,1007.823,13.180,1.226,980.260,39.986,454338.454,0.000,0.000,0.000,0.000,7.001,0.000,109.355,0.000,0.055,5.781,23.707,0.000,48.078,109.322,-139.233,0.073,8.497,24.478,0.528,48.838,0.000,0.000,0.000,0.000,0.000,0.000,0.000,29.000,2.000,2024.000,9.000,13.000,0.000
11.000,418.252,1007.823,13.180,1.226,980.260,39.986,454338.454,0.000,0.000,0.000,0.000,7.001,0.000,109.364,0.000,0.036,7.461,23.702,0.000,48.050,109.359,-139.681,0.059,6.005,24.478,0.355,48.848,0.000,0.000,0.000,0.000,0.000,0.000,0.000,29.000,2.000,2024.000,9.000,13.000,0.000
11.000,418.252,1007.823,13.180,1.226,980.260,39.986,454338.454,0.000,0.000,0.000,0.000,7.001,0.000,109.364,0.000,0.063,11.365,23.699,0.000,48.064,109.348,-140.392,0.074,6.861,24.474,0.554,48.866,0.000,0.000,0.000,0.000,0.000,0.000,0.000,29.000,2.000,2024.000,9.000,13.000,0.000
11.000,418.233,1007.823,13.180,1.226,980.215,39.985,454328.055,0.000,0.000,0.000,0.000,7.001,0.000,109.351,0.000,0.037,6.283,23.694,0.000,48.029,109.346,-139.708,0.037,6.184,24.466,0.231,48.820,0.000,0.000,0.000,0.000,0.000,0.000,0.000,29.000,2.000,2024.000,9.000,13.000,0.000
11.000,418.233,1007.823,13.180,1.226,980.215,39.985,454328.055,0.000,0.000,0.000,0.000,7.001,0.000,109.325,0.000,0.019,6.910,23.692,0.000,48.040,109.330,-140.031,0.052,7.662,24.472,0.253,48.743,0.000,0.000,0.000,0.000,0.000,0.000,0.000,29.000,2.000,2024.000,9.000,13.000,0.000
11.000,418.210,1007.823,13.180,1.226,980.161,39.984,454315.465,0.000,0.000,0.000,0.000,7.001,0.000,109.369,0.000,0.060,4.859,23.687,0.000,48.075,109.322,-139.914,0.041,6.643,24.497,0.530,48.852,0.000,0.000,0.000,0.000,0.000,0.000,0.000,29.000,2.000,2024.000,9.000,13.000,0.000
11.000,418.210,1007.823,13.180,1.226,980.161,39.984,454315.465,0.000,0.000,0.000,0.000,7.001,0.000,109.360,0.000,0.057,9.778,23.685,0.000,48.110,109.358,-141.199,0.039,5.219,24.494,0.249,48.838,0.000,0.000,0.000,0.000,0.000,0.000,0.000,29.000,2.000,2024.000,9.000,13.000,0.000
11.000,418.179,1007.824,13.180,1.226,980.088,39.982,454298.722,0.000,0.000,0.000,0.000,7.001,0.000,109.440,0.000,0.040,7.657,23.665,0.000,47.973,109.363,-143.153,0.086,6.146,24.467,1.153,48.831,0.000,0.000,0.000,0.000,0.000,0.000,0.000,29.000,2.000,2024.000,9.000,13.000,0.000
11.000,418.179,1007.824,13.180,1.226,980.088,39.982,454298.722,0.000,0.000,0.000,0.000,7.001,0.000,109.349,0.000,0.018,5.786,23.665,0.000,48.047,109.351,-143.769,0.045,5.868,24.467,0.226,48.771,0.000,0.000,0.000,0.000,0.000,0.000,0.000,29.000,2.000,2024.000,9.000,13.000,0.000
11.000,418.154,1007.822,13.180,1.226,980.029,39.981,454284.586,0.000,0.000,0.000,0.000,7.001,0.000,109.402,0.000,0.051,7.679,23.722,0.000,48.033,109.389,-143.774,0.026,10.078,24.463,0.217,48.761,0.000,0.000,0.000,0.000,0.000,0.000,0.000,29.000,2.000,2024.000,9.000,13.000,0.000
11.000,418.154,1007.822,13.180,1.226,980.029,39.981,454284.586,0.000,0.000,0.000,0.000,7.001,0.000,109.399,0.000,0.061,5.126,23.722,0.000,47.938,109.330,-144.633,0.049,8.208,24.463,1.017,48.792,0.000,0.000,0.000,0.000,0.000,0.000,0.000,29.000,2.000,2024.000,9.000,13.000,1.000
11.000,418.123,1007.820,13.180,1.226,979.955,39.980,454267.166,0.000,0.000,0.000,0.000,7.001,0.000,109.364,0.000,0.055,9.244,23.705,0.000,47.963,109.375,-146.404,0.030,6.043,24.475,0.272,48.761,0.000,0.000,0.000,0.000,0.000,0.000,0.000,29.000,2.000,2024.000,9.000,13.000,1.000
11.000,418.123,1007.820,13.180,1.226,979.955,39.980,454267.166,0.000,0.000,0.000,0.000,7.001,0.000,109.317,0.000,0.027,9.920,23.703,0.000,47.980,109.388,-144.703,0.062,6.446,24.476,0.830,48.775,0.000,0.000,0.000,0.000,0.000,0.000,0.000,29.000,2.000,2024.000,9.000,13.000,1.000
11.000,418.112,1007.820,13.180,1.226,979.929,39.979,454261.144,0.000,0.000,0.000,0.000,7.001,0.000,109.358,0.000,0.029,6.086,23.687,0.000,48.078,109.353,-144.004,0.034,6.125,24.483,0.181,48.845,0.000,0.000,0.000,0.000,0.000,0.000,0.000,29.000,2.000,2024.000,9.000,13.000,1.000
11.000,418.112,1007.820,13.180,1.226,979.929,39.979,454261.144,0.000,0.000,0.000,0.000,7.001,0.000,109.377,0.000,0.036,6.643,23.683,0.000,47.977,109.340,-144.706,0.027,9.997,24.485,0.564,48.810,0.000,0.000,0.000,0.000,0.000,0.000,0.000,29.000,2.000,2024.000,9.000,13.000,1.000
11.000,418.112,1007.820,13.180,1.226,979.929,39.979,454261.144,0.000,0.000,0.000,0.000,7.001,0.000,109.345,0.000,0.043,6.484,23.682,0.000,48.092,109.396,-144.517,0.078,6.877,24.466,0.928,48.831,0.000,0.000,0.000,0.000,0.000,0.000,0.000,29.000,2.000,2024.000,9.000,13.000,1.000
11.000,418.085,1007.821,13.180,1.226,979.866,39.978,454246.589,0.000,0.000,0.000,0.000,7.001,0.000,109.357,0.000,0.042,10.482,23.682,0.000,48.001,109.361,-143.124,0.035,6.364,24.459,0.209,48.817,0.000,0.000,0.000,0.000,0.000,0.000,0.000,29.000,2.000,2024.000,9.000,13.000,1.000
11.000,418.085,1007.821,13.180,1.226,979.866,39.978,454246.589,0.000,0.000,0.000,0.000,7.001,0.000,109.365,0.000,0.065,7.875,23.691,0.000,47.987,109.354,-143.772,0.034,6.746,24.471,0.342,48.799,0.000,0.000,0.000,0.000,0.000,0.000,0.000,29.000,2.000,2024.000,9.000,13.000,1.000
11.000,418.076,1007.822,13.180,1.226,979.844,39.978,454241.887,0.000,0.000,0.000,0.000,7.001,0.000,109.375,0.000,0.043,5.841,23.697,0.000,48.047,109.312,-144.138,0.034,5.634,24.480,0.829,48.806,0.000,0.000,0.000,0.000,0.000,0.000,0.000,29.000,2.000,2024.000,9.000,13.000,1.000
11.000,418.076,1007.822,13.180,1.226,979.844,39.978,454241.887,0.000,0.000,0.000,0.000,7.001,0.000,109.380,0.000,0.083,6.506,23.683,0.000,48.015,109.393,-145.683,0.024,9.228,24.474,0.402,48.789,0.000,0.000,0.000,0.000,0.000,0.000,0.000,29.000,2.000,2024.000,9.000,13.000,1.000
11.000,418.037,1007.819,13.180,1.226,979.752,39.976,454219.860,0.000,0.000,0.000,0.000,7.001,0.000,109.354,0.000,0.028,4.456,23.670,0.000,48.015,109.381,-144.342,0.014,7.379,24.468,0.461,48.806,0.000,0.000,0.000,0.000,0.000,0.000,0.000,29.000,2.000,2024.000,9.000,13.000,2.000
11.000,418.037,1007.819,13.180,1.226,979.752,39.976,454219.860,0.000,0.000,0.000,0.000,7.001,0.000,109.358,0.000,0.025,7.030,23.674,0.000,48.001,109.371,-143.544,0.023,5.377,24.465,0.334,48.785,0.000,0.000,0.000,0.000,0.000,0.000,0.000,29.000,2.000,2024.000,9.000,13.000,2.000
11.000,418.046,1007.818,13.180,1.226,979.774,39.976,454224.562,0.000,0.000,0.000,0.000,7.001,0.000,109.355,0.000,0.042,8.420,23.679,0.000,48.043,109.369,-143.043,0.046,5.977,24.460,0.239,48.806,0.000,0.000,0.000,0.000,0.000,0.000,0.000,29.000,2.000,2024.000,9.000,13.000,2.000
11.000,418.046,1007.818,13.180,1.226,979.774,39.976,454224.562,0.000,0.000,0.000,0.000,7.001,0.000,109.424,0.000,0.041,5.786,23.679,0.000,48.029,109.371,-143.030,0.079,6.021,24.462,0.788,48.789,0.000,0.000,0.000,0.000,0.000,0.000,0.000,29.000,2.000,2024.000,9.000,13.000,2.000
11.000,418.049,1007.819,13.180,1.226,979.781,39.976,454226.430,0.000,0.000,0.000,0.000,7.001,0.000,109.389,0.000,0.048,6.893,23.680,0.000,48.029,109.349,-145.439,0.045,8.589,24.466,0.573,48.754,0.000,0.000,0.000,0.000,0.000,0.000,0.000,29.000,2.000,2024.000,9.000,13.000,2.000
11.000,418.049,1007.819,13.180,1.226,979.781,39.976,454226.430,0.000,0.000,0.000,0.000,7.001,0.000,109.320,0.000,0.044,5.786,23.678,0.000,48.008,109.348,-144.874,0.053,8.950,24.466,0.437,48.771,0.000,0.000,0.000,0.000,0.000,0.000,0.000,29.000,2.000,2024.000,9.000,13.000,2.000
11.000,418.049,1007.819,13.180,1.226,979.781,39.976,454226.430,0.000,0.000,0.000,0.000,7.001,0.000,109.314,0.000,0.062,10.247,23.667,0.000,48.082,109.394,-143.152,0.088,6.528,24.466,0.965,48.792,0.000,0.000,0.000,0.000,0.000,0.000,0.000,29.000,2.000,2024.000,9.000,13.000,2.000
11.000,418.084,1007.816,13.180,1.226,979.863,39.978,454244.915,0.000,0.000,0.000,0.000,7.001,0.000,109.412,0.000,0.033,6.866,23.669,0.000,48.005,109.401,-141.134,0.084,6.054,24.466,0.634,48.817,0.000,0.000,0.000,0.000,0.000,0.000,0.000,29.000,2.000,2024.000,9.000,13.000,2.000
11.000,418.084,1007.816,13.180,1.226,979.863,39.978,454244.915,0.000,0.000,0.000,0.000,7.001,0.000,109.329,0.000,0.038,6.015,23.688,0.000,48.033,109.313,-142.609,0.029,7.755,24.464,0.178,48.792,0.000,0.000,0.000,0.000,0.000,0.000,0.000,29.000,2.000,2024.000,9.000,13.000,2.000
11.000,418.083,1007.817,13.160,1.226,979.861,39.977,454285.154,0.000,0.000,0.000,0.000,7.001,0.000,109.303,0.000,0.073,5.743,23.688,0.000,47.945,109.356,-142.198,0.052,10.264,24.464,0.660,48.841,0.000,0.000,0.000,0.000,0.000,0.000,0.000,29.000,2.000,2024.000,9.000,13.000,2.000
11.000,418.083,1007.817,13.160,1.226,979.861,39.977,454285.154,0.000,0.000,0.000,0.000,7.001,0.000,109.355,0.000,0.038,5.350,23.668,0.000,48.054,109.360,-140.486,0.038,7.919,24.451,0.265,48.778,0.000,0.000,0.000,0.000,0.000,0.000,0.000,29.000,2.000,2024.000,9.000,13.000,3.000
11.000,418.124,1007.815,13.180,1.226,979.958,39.980,454266.586,0.000,0.000,0.000,0.000,7.001,0.000,109.357,0.000,0.043,10.711,23.668,0.000,47.970,109.347,-141.754,0.055,6.119,24.451,0.421,48.799,0.000,0.000,0.000,0.000,0.000,0.000,0.000,29.000,2.000,2024.000,9.000,13.000,3.000
11.000,418.124,1007.815,13.180,1.226,979.958,39.980,454266.586,0.000,0.000,0.000,0.000,7.001,0.000,109.353,0.000,0.055,9.429,23.658,0.000,48.064,109.404,-139.226,0.035,6.130,24.465,0.765,48.782,0.000,0.000,0.000,0.000,0.000,0.000,0.000,29.000,2.000,2024.000,9.000,13.000,3.000
11.000,418.173,1007.814,13.160,1.226,980.073,39.981,454333.750,0.000,0.000,0.000,0.000,7.001,0.000,109.398,0.000,0.049,6.157,23.657,0.000,47.987,109.348,-140.448,0.042,5.596,24.466,0.560,48.806,0.000,0.000,0.000,0.000,0.000,0.000,0.000,29.000,2.000,2024.000,9.000,13.000,3.000
11.000,418.173,1007.814,13.160,1.226,980.073,39.981,454333.750,0.000,0.000,0.000,0.000,7.001,0.000,109.352,0.000,0.031,7.057,23.669,0.000,48.089,109.376,-141.010,0.067,7.052,24.444,0.654,48.834,0.000,0.000,0.000,0.000,0.000,0.000,0.000,29.000,2.000,2024.000,9.000,13.000,3.000
11.000,418.247,1007.812,13.180,1.226,980.248,39.986,454333.238,0.000,0.000,0.000,0.000,7.001,0.000,109.333,0.000,0.045,6.626,23.672,0.000,48.064,109.354,-140.103,0.047,8.104,24.439,0.411,48.810,0.000,0.000,0.000,0.000,0.000,0.000,0.000,29.000,2.000,2024.000,9.000,13.000,3.000
11.000,418.247,1007.812,13.180,1.226,980.248,39.986,454333.238,0.000,0.000,0.000,0.000,7.001,0.000,109.364,0.000,0.085,4.881,23.666,0.000,48.008,109.365,-138.628,0.048,5.345,24.453,0.296,48.796,0.000,0.000,0.000,0.000,0.000,0.000,0.000,29.000,2.000,2024.000,9.000,13.000,3.000
11.000,418.269,1007.810,13.160,1.226,980.300,39.986,454385.399,0.000,0.000,0.000,0.000,7.001,0.000,109.404,0.000,0.045,8.633,23.664,0.000,47.998,109.363,-139.599,0.028,5.661,24.459,0.641,48.768,0.000,0.000,0.000,0.000,0.000,0.000,0.000,29.000,2.000,2024.000,9.000,13.000,3.000
11.000,418.269,1007.810,13.160,1.226,980.300,39.986,454385.399,0.000,0.000,0.000,0.000,7.001,0.000,109.386,0.000,0.053,5.852,23.656,0.000,48.092,109.354,-141.238,0.075,7.215,24.463,0.517,48.715,0.000,0.000,0.000,0.000,0.000,0.000,0.000,29.000,2.000,2024.000,9.000,13.000,3.000
11.000,418.269,1007.810,13.160,1.226,980.300,39.986,454385.399,0.000,0.000,0.000,0.000,7.001,0.000,109.330,0.000,0.060,6.806,23.650,0.000,48.110,109.357,-140.821,0.072,10.384,24.467,0.360,48.792,0.000,0.000,0.000,0.000,0.000,0.000,0.000,29.000,2.000,2024.000,9.000,13.000,3.000
11.000,418.268,1007.807,13.160,1.226,980.298,39.986,454384.175,0.000,0.000,0.000,0.000,7.001,0.000,109.362,0.000,0.057,5.165,23.656,0.000,48.068,109.366,-139.976,0.046,7.270,24.460,0.431,48.803,0.000,0.000,0.000,0.000,0.000,0.000,0.000,29.000,2.000,2024.000,9.000,13.000,4.000
11.000,418.268,1007.807,13.160,1.226,980.298,39.986,454384.175,0.000,0.000,0.000,0.000,7.001,0.000,109.330,0.000,0.076,8.699,23.662,0.000,48.050,109.321,-140.141,0.011,6.092,24.453,0.293,48.831,0.000,0.000,0.000,0.000,0.000,0.000,0.000,29.000,2.000,2024.000,9.000,13.000,4.000
11.000,418.296,1007.805,13.160,1.226,980.364,39.987,454399.051,0.000,0.000,0.000,0.000,7.001,0.000,109.395,0.000,0.028,9.626,23.666,0.000,47.977,109.310,-142.331,0.043,5.917,24.457,0.879,48.792,0.000,0.000,0.000,0.000,0.000,0.000,0.000,29.000,2.000,2024.000,9.000,13.000,4.000
11.000,418.296,1007.805,13.160,1.226,980.364,39.987,454399.051,0.000,0.000,0.000,0.000,7.001,0.000,109.386,0.000,0.047,5.165,23.670,0.000,48.005,109.350,-144.288,0.050,5.399,24.462,0.336,48.733,0.000,0.000,0.000,0.000,0.000,0.000,0.000,29.000,2.000,2024.000,9.000,13.000,4.000
11.000,418.276,1007.806,13.160,1.226,980.317,39.986,454388.329,0.000,0.000,0.000,0.000,7.001,0.000,109.351,0.000,0.045,7.046,23.668,0.000,47.956,109.333,-145.464,0.017,8.677,24.464,0.076,48.799,0.000,0.000,0.000,0.000,0.000,0.000,0.000,29.000,2.000,2024.000,9.000,13.000,4.000
11.000,418.276,1007.806,13.160,1.226,980.317,39.986,454388.329,0.000,0.000,0.000,0.000,7.001,0.000,109.344,0.000,0.057,5.901,23.665,0.000,48.050,109.334,-145.855,0.007,9.299,24.467,0.164,48.813,0.000,0.000,0.000,0.000,0.000,0.000,0.000,29.000,2.000,2024.000,9.000,13.000,4.000
11.000,418.240,1007.808,13.160,1.226,980.232,39.984,454369.074,0.000,0.000,0.000,0.000,7.001,0.000,109.377,0.000,0.069,7.237,23.662,0.000,48.085,109.387,-145.411,0.045,6.250,24.465,0.536,48.792,0.000,0.000,0.000,0.000,0.000,0.000,0.000,29.000,2.000,2024.000,9.000,13.000,4.000
11.000,418.240,1007.808,13.160,1.226,980.232,39.984,454369.074,0.000,0.000,0.000,0.000,7.001,0.000,109.370,0.000,0.042,11.404,23.653,0.000,47.994,109.342,-146.491,0.066,6.681,24.460,0.327,48.845,0.000,0.000,0.000,0.000,0.000,0.000,0.000,29.000,2.000,2024.000,9.000,13.000,4.000
11.000,418.217,1007.809,13.160,1.226,980.177,39.983,454356.709,0.000,0.000,0.000,0.000,7.001,0.000,109.356,0.000,0.060,6.239,23.654,0.000,47.984,109.351,-146.330,0.036,6.337,24.460,0.317,48.785,0.000,0.000,0.000,0.000,0.000,0.000,0.000,29.000,2.000,2024.000,9.000,13.000,4.000
11.000,418.217,1007.809,13.160,1.226,980.177,39.983,454356.709,0.000,0.000,0.000,0.000,7.001,0.000,109.359,0.000,0.054,6.103,23.665,0.000,48.008,109.377,-146.320,0.035,7.673,24.460,0.202,48.775,0.000,0.000,0.000,0.000,0.000,0.000,0.000,29.000,2.000,2024.000,9.000,13.000,4.000
11.000,418.217,1007.809,13.160,1.226,980.177,39.983,454356.709,0.000,0.000,0.000,0.000,7.001,0.000,109.373,0.000,0.055,5.775,23.665,0.000,47.998,109.408,-145.390,0.068,6.457,24.460,0.445,48.834,0.000,0.000,0.000,0.000,0.000,0.000,0.000,29.000,2.000,2024.000,9.000,13.000,5.000
