95.000,104.753,1007.247,13.380,1.225,244.377,19.978,226582.990,0.000,0.000,0.000,0.000,7.001,-0.005,2.336,0.000,0.144,0.054,15.204,0.000,29.873,2.600,94.458,0.161,0.038,15.519,2.425,29.887,0.000,0.000,0.000,0.000,0.000,0.000,0.000,29.000,2.000,2024.000,10.000,53.000,27.000
95.000,104.754,1007.246,13.380,1.225,244.379,19.978,226583.959,0.000,0.000,0.000,0.000,7.001,-0.005,2.344,0.000,0.176,0.033,15.204,0.000,29.873,2.555,102.236,0.178,0.065,15.519,2.331,29.887,0.000,0.000,0.000,0.000,0.000,0.000,0.000,29.000,2.000,2024.000,10.000,53.000,27.000
95.000,104.754,1007.246,13.380,1.225,244.379,19.978,226583.959,0.000,0.000,0.000,0.000,7.001,-0.005,2.337,0.000,0.160,0.022,15.215,0.000,29.876,2.660,111.420,0.170,0.033,15.548,4.346,29.887,0.000,0.000,0.000,0.000,0.000,0.000,0.000,29.000,2.000,2024.000,10.000,53.000,27.000
95.000,104.745,1007.246,13.380,1.225,244.358,19.977,226574.226,0.000,0.000,0.000,0.000,7.001,-0.005,2.360,0.000,0.138,0.065,15.215,0.000,29.873,2.584,122.609,0.165,0.049,15.548,2.874,29.887,0.000,0.000,0.000,0.000,0.000,0.000,0.000,29.000,2.000,2024.000,10.000,53.000,28.000
95.000,104.745,1007.246,13.380,1.225,244.358,19.977,226574.226,0.000,0.000,0.000,0.000,7.001,-0.005,2.399,0.000,0.165,0.054,15.184,0.000,29.873,2.530,129.478,0.159,0.071,15.640,2.646,29.887,0.000,0.000,0.000,0.000,0.000,0.000,0.000,29.000,2.000,2024.000,10.000,53.000,28.000
95.000,104.739,1007.244,13.380,1.225,244.344,19.976,226567.512,0.000,0.000,0.000,0.000,7.001,-0.005,2.326,0.000,0.161,0.049,15.180,0.000,29.873,2.574,137.606,0.162,0.065,15.650,3.733,29.887,0.000,0.000,0.000,0.000,0.000,0.000,0.000,29.000,2.000,2024.000,10.000,53.000,28.000
95.000,104.739,1007.244,13.380,1.225,244.344,19.976,226567.512,0.000,0.000,0.000,0.000,7.001,-0.005,2.418,0.000,0.163,0.054,15.205,0.000,29.873,2.609,145.304,0.145,0.065,15.459,2.392,29.887,0.000,0.000,0.000,0.000,0.000,0.000,0.000,29.000,2.000,2024.000,10.000,53.000,28.000
95.000,104.738,1007.244,13.380,1.225,244.342,19.976,226566.430,0.000,0.000,0.000,0.000,7.001,-0.005,2.375,0.000,0.156,0.011,15.211,0.000,29.876,2.659,153.945,0.177,0.060,15.412,3.414,29.887,0.000,0.000,0.000,0.000,0.000,0.000,0.000,29.000,2.000,2024.000,10.000,53.000,28.000
95.000,104.738,1007.244,13.380,1.225,244.342,19.976,226566.430,0.000,0.000,0.000,0.000,7.001,-0.005,2.301,0.000,0.163,0.054,15.192,0.000,29.873,2.585,165.133,0.194,0.038,15.532,3.014,29.887,0.000,0.000,0.000,0.000,0.000,0.000,0.000,29.000,2.000,2024.000,10.000,53.000,28.000
95.000,104.740,1007.245,13.380,1.225,244.347,19.976,226568.706,0.000,0.000,0.000,0.000,7.001,-0.005,2.398,0.000,0.158,0.054,15.184,0.000,29.876,2.613,172.065,0.182,0.044,15.584,1.716,29.887,0.000,0.000,0.000,0.000,0.000,0.000,0.000,29.000,2.000,2024.000,10.000,53.000,28.000
95.000,104.740,1007.245,13.380,1.225,244.347,19.976,226568.706,0.000,0.000,0.000,0.000,7.001,-0.005,2.354,0.000,0.162,0.022,15.212,0.000,29.876,2.575,-56.913,0.149,0.033,15.572,143.404,29.883,0.000,0.000,0.000,0.000,0.000,0.000,0.000,29.000,2.000,2024.000,10.000,53.000,28.000
95.000,104.750,1007.244,13.380,1.225,244.370,19.977,226579.408,0.000,0.000,0.000,0.000,7.001,-0.005,2.345,0.000,0.165,0.038,15.232,0.000,29.873,2.509,-173.281,0.184,0.049,15.565,1.687,29.883,0.000,0.000,0.000,0.000,0.000,0.000,0.000,29.000,2.000,2024.000,10.000,53.000,28.000
95.000,104.750,1007.244,13.380,1.225,244.370,19.977,226579.408,0.000,0.000,0.000,0.000,7.001,-0.005,2.374,0.000,0.171,0.033,15.206,0.000,29.873,2.584,-166.009,0.176,0.054,15.545,2.313,29.887,0.000,0.000,0.000,0.000,0.000,0.000,0.000,29.000,2.000,2024.000,10.000,53.000,28.000
95.000,104.758,1007.244,13.380,1.225,244.389,19.978,226588.060,0.000,0.000,0.000,0.000,7.001,-0.005,2.343,0.000,0.174,0.038,15.180,0.000,29.876,2.539,-159.641,0.149,0.027,15.525,2.054,29.887,0.000,0.000,0.000,0.000,0.000,0.000,0.000,29.000,2.000,2024.000,10.000,53.000,29.000
95.000,104.758,1007.244,13.380,1.225,244.389,19.978,226588.060,0.000,0.000,0.000,0.000,7.001,-0.005,2.320,0.000,0.147,0.038,15.195,0.000,29.873,2.632,-148.881,0.209,0.049,15.544,3.473,29.887,0.000,0.000,0.000,0.000,0.000,0.000,0.000,29.000,2.000,2024.000,10.000,53.000,29.000
95.000,104.758,1007.244,13.380,1.225,244.389,19.978,226588.060,0.000,0.000,0.000,0.000,7.001,-0.005,2.420,0.000,0.176,0.038,15.217,0.000,29.876,2.573,-142.012,0.183,0.060,15.573,1.543,29.887,0.000,0.000,0.000,0.000,0.000,0.000,0.000,29.000,2.000,2024.000,10.000,53.000,29.000
95.000,104.763,1007.243,13.380,1.225,244.400,19.979,226593.355,0.000,0.000,0.000,0.000,7.001,-0.005,2.332,0.000,0.185,0.065,15.204,0.000,29.876,2.589,-135.716,0.147,0.044,15.563,2.614,29.887,0.000,0.000,0.000,0.000,0.000,0.000,0.000,29.000,2.000,2024.000,10.000,53.000,29.000
95.000,104.763,1007.243,13.380,1.225,244.400,19.979,226593.355,0.000,0.000,0.000,0.000,7.001,-0.005,2.363,0.000,0.142,0.093,15.173,0.000,29.873,2.599,-126.469,0.186,0.011,15.538,1.782,29.887,0.000,0.000,0.000,0.000,0.000,0.000,0.000,29.000,2.000,2024.000,10.000,53.000,29.000
95.000,104.769,1007.242,13.380,1.225,244.414,19.979,226599.731,0.000,0.000,0.000,0.000,7.001,-0.005,2.376,0.000,0.163,0.022,15.177,0.000,29.873,2.658,-119.399,0.158,0.044,15.536,3.759,29.887,0.000,0.000,0.000,0.000,0.000,0.000,0.000,29.000,2.000,2024.000,10.000,53.000,29.000
95.000,104.769,1007.242,13.380,1.225,244.414,19.979,226599.731,0.000,0.000,0.000,0.000,7.001,-0.005,2.346,0.000,0.158,0.093,15.192,0.000,29.873,2.632,-108.547,0.153,0.033,15.524,3.948,29.887,0.000,0.000,0.000,0.000,0.000,0.000,0.000,29.000,2.000,2024.000,10.000,53.000,29.000
95.000,104.774,1007.241,13.380,1.225,244.426,19.980,226605.025,0.000,0.000,0.000,0.000,7.001,-0.005,2.411,0.000,0.160,0.033,15.189,0.000,29.873,2.526,-100.677,0.170,0.038,15.527,2.245,29.887,0.000,0.000,0.000,0.000,0.000,0.000,0.000,29.000,2.000,2024.000,10.000,53.000,29.000
95.000,104.774,1007.241,13.380,1.225,244.426,19.980,226605.025,0.000,0.000,0.000,0.000,7.001,-0.005,2.393,0.000,0.160,0.016,15.158,0.000,29.873,2.629,-93.324,0.186,0.044,15.558,3.576,29.887,0.000,0.000,0.000,0.000,0.000,0.000,0.000,29.000,2.000,2024.000,10.000,53.000,29.000
95.000,104.774,1007.241,13.380,1.225,244.426,19.980,226605.025,0.000,0.000,0.000,0.000,7.001,-0.005,2.349,0.000,0.167,0.071,15.158,0.000,29.873,2.499,-85.291,0.190,0.049,15.558,3.162,29.887,0.000,0.000,0.000,0.000,0.000,0.000,0.000,29.000,2.000,2024.000,10.000,53.000,29.000
95.000,104.774,1007.241,13.380,1.225,244.426,19.980,226605.025,0.000,0.000,0.000,0.000,7.001,-0.005,2.435,0.000,0.166,0.033,15.195,0.000,29.873,2.565,-79.817,0.173,0.065,15.509,1.639,29.887,0.000,0.000,0.000,0.000,0.000,0.000,0.000,29.000,2.000,2024.000,10.000,53.000,30.000
95.000,104.780,1007.240,13.380,1.225,244.440,19.980,226611.401,0.000,0.000,0.000,0.000,7.001,-0.005,2.370,0.000,0.143,0.038,15.195,0.000,29.873,2.578,-73.753,0.175,0.044,15.509,2.120,29.887,0.000,0.000,0.000,0.000,0.000,0.000,0.000,29.000,2.000,2024.000,10.000,53.000,30.000
95.000,104.780,1007.240,13.380,1.225,244.440,19.980,226611.401,0.000,0.000,0.000,0.000,7.001,-0.005,2.314,0.000,0.162,0.060,15.159,0.000,29.873,2.659,-65.045,0.181,0.038,15.546,3.320,29.887,0.000,0.000,0.000,0.000,0.000,0.000,0.000,29.000,2.000,2024.000,10.000,53.000,30.000
95.000,104.787,1007.239,13.380,1.225,244.456,19.981,226618.858,0.000,0.000,0.000,0.000,7.001,-0.005,2.409,0.000,0.166,0.054,15.155,0.000,29.873,2.577,-55.637,0.179,0.027,15.550,1.527,29.887,0.000,0.000,0.000,0.000,0.000,0.000,0.000,29.000,2.000,2024.000,10.000,53.000,30.000
95.000,104.787,1007.239,13.380,1.225,244.456,19.981,226618.858,0.000,0.000,0.000,0.000,7.001,-0.005,2.349,0.000,0.156,0.065,15.218,0.000,29.873,2.548,-48.297,0.157,0.033,15.571,2.030,29.887,0.000,0.000,0.000,0.000,0.000,0.000,0.000,29.000,2.000,2024.000,10.000,53.000,30.000
95.000,104.787,1007.239,13.380,1.225,244.456,19.981,226618.858,0.000,0.000,0.000,0.000,7.001,-0.005,2.344,0.000,0.161,0.054,15.234,0.000,29.873,2.605,-40.342,0.160,0.038,15.576,2.833,29.887,0.000,0.000,0.000,0.000,0.000,0.000,0.000,29.000,2.000,2024.000,10.000,53.000,30.000
95.000,104.792,1007.239,13.380,1.225,244.468,19.981,226624.264,0.000,0.000,0.000,0.000,7.001,-0.005,2.367,0.000,0.164,0.049,15.185,0.000,29.873,2.557,-32.797,0.158,0.038,15.470,1.911,29.883,0.000,0.000,0.000,0.000,0.000,0.000,0.000,29.000,2.000,2024.000,10.000,53.000,30.000
95.000,104.792,1007.239,13.380,1.225,244.468,19.981,226624.264,0.000,0.000,0.000,0.000,7.001,-0.005,2.333,0.000,0.174,0.044,15.165,0.000,29.873,2.644,-23.056,0.158,0.044,15.425,3.640,29.887,0.000,0.000,0.000,0.000,0.000,0.000,0.000,29.000,2.000,2024.000,10.000,53.000,30.000
95.000,104.780,1007.240,13.380,1.225,244.440,19.980,226611.401,0.000,0.000,0.000,0.000,7.001,-0.005,2.372,0.000,0.155,0.000,15.191,0.000,29.873,2.574,-12.195,0.232,0.038,15.547,2.617,29.887,0.000,0.000,0.000,0.000,0.000,0.000,0.000,29.000,2.000,2024.000,10.000,53.000,30.000
95.000,104.780,1007.240,13.380,1.225,244.440,19.980,226611.401,0.000,0.000,0.000,0.000,7.001,-0.005,2.405,0.000,0.165,0.033,15.209,0.000,29.873,2.591,-7.686,0.154,0.033,15.628,2.019,29.887,0.000,0.000,0.000,0.000,0.000,0.000,0.000,29.000,2.000,2024.000,10.000,53.000,30.000
95.000,104.772,1007.238,13.380,1.225,244.421,19.979,226602.525,0.000,0.000,0.000,0.000,7.001,-0.005,2.319,0.000,0.179,0.087,15.185,0.000,29.873,2.614,1.535,0.180,0.022,15.586,3.122,29.887,0.000,0.000,0.000,0.000,0.000,0.000,0.000,29.000,2.000,2024.000,10.000,53.000,31.000
95.000,104.772,1007.238,13.380,1.225,244.421,19.979,226602.525,0.000,0.000,0.000,0.000,7.001,-0.005,2.410,0.000,0.136,0.038,15.161,0.000,29.873,2.540,9.479,0.189,0.022,15.545,1.450,29.887,0.000,0.000,0.000,0.000,0.000,0.000,0.000,29.000,2.000,2024.000,10.000,53.000,31.000
95.000,104.768,1007.238,13.380,1.225,244.412,19.979,226598.200,0.000,0.000,0.000,0.000,7.001,-0.005,2.350,0.000,0.166,0.071,15.176,0.000,29.873,2.595,15.249,0.149,0.038,15.533,3.158,29.887,0.000,0.000,0.000,0.000,0.000,0.000,0.000,29.000,2.000,2024.000,10.000,53.000,31.000
95.000,104.768,1007.238,13.380,1.225,244.412,19.979,226598.200,0.000,0.000,0.000,0.000,7.001,-0.005,2.324,0.000,0.163,0.065,15.200,0.000,29.873,2.523,23.530,0.171,0.038,15.516,3.028,29.887,0.000,0.000,0.000,0.000,0.000,0.000,0.000,29.000,2.000,2024.000,10.000,53.000,31.000
95.000,104.753,1007.237,13.380,1.225,244.377,19.978,226581.866,0.000,0.000,0.000,0.000,7.001,-0.005,2.413,0.000,0.150,0.016,15.183,0.000,29.873,2.658,32.496,0.175,0.065,15.534,3.754,29.887,0.000,0.000,0.000,0.000,0.000,0.000,0.000,29.000,2.000,2024.000,10.000,53.000,31.000
95.000,104.753,1007.237,13.380,1.225,244.377,19.978,226581.866,0.000,0.000,0.000,0.000,7.001,-0.005,2.370,0.000,0.143,0.054,15.143,0.000,29.873,2.563,40.746,0.173,0.044,15.576,2.822,29.887,0.000,0.000,0.000,0.000,0.000,0.000,0.000,29.000,2.000,2024.000,10.000,53.000,31.000
95.000,104.754,1007.238,13.380,1.225,244.379,19.978,226583.059,0.000,0.000,0.000,0.000,7.001,-0.005,2.308,0.000,0.155,0.065,15.157,0.000,29.873,2.555,48.692,0.161,0.044,15.562,3.161,29.887,0.000,0.000,0.000,0.000,0.000,0.000,0.000,29.000,2.000,2024.000,10.000,53.000,31.000
95.000,104.754,1007.238,13.380,1.225,244.379,19.978,226583.059,0.000,0.000,0.000,0.000,7.001,-0.005,2.439,0.000,0.158,0.049,15.212,0.000,29.873,2.595,56.632,0.180,0.049,15.504,1.792,29.887,0.000,0.000,0.000,0.000,0.000,0.000,0.000,29.000,2.000,2024.000,10.000,53.000,31.000
95.000,104.754,1007.238,13.380,1.225,244.379,19.978,226583.059,0.000,0.000,0.000,0.000,7.001,-0.005,2.377,0.000,0.159,0.027,15.203,0.000,29.873,2.653,62.952,0.146,0.060,15.509,2.429,29.887,0.000,0.000,0.000,0.000,0.000,0.000,0.000,29.000,2.000,2024.000,10.000,53.000,31.000
95.000,104.760,1007.238,13.380,1.225,244.393,19.978,226589.548,0.000,0.000,0.000,0.000,7.001,-0.005,2.320,0.000,0.156,0.049,15.123,0.000,29.873,2.666,74.018,0.182,0.054,15.559,3.023,29.887,0.000,0.000,0.000,0.000,0.000,0.000,0.000,29.000,2.000,2024.000,10.000,53.000,31.000
95.000,104.760,1007.238,13.380,1.225,244.393,19.978,226589.548,0.000,0.000,0.000,0.000,7.001,-0.005,2.421,0.000,0.165,0.065,15.123,0.000,29.873,2.556,81.900,0.173,0.071,15.559,1.431,29.887,0.000,0.000,0.000,0.000,0.000,0.000,0.000,29.000,2.000,2024.000,10.000,53.000,32.000
95.000,104.772,1007.236,13.380,1.225,244.421,19.980,226602.300,0.000,0.000,0.000,0.000,7.001,-0.005,2.341,0.000,0.166,0.044,15.201,0.000,29.873,2.632,89.114,0.170,0.060,15.530,3.332,29.887,0.000,0.000,0.000,0.000,0.000,0.000,0.000,29.000,2.000,2024.000,10.000,53.000,32.000
95.000,104.772,1007.236,13.380,1.225,244.421,19.980,226602.300,0.000,0.000,0.000,0.000,7.001,-0.005,2.347,0.000,0.143,0.054,15.201,0.000,29.873,2.544,98.856,0.171,0.054,15.530,2.305,29.887,0.000,0.000,0.000,0.000,0.000,0.000,0.000,29.000,2.000,2024.000,10.000,53.000,32.000
95.000,104.768,1007.238,13.380,1.225,244.412,19.979,226598.200,0.000,0.000,0.000,0.000,7.001,-0.005,2.376,0.000,0.184,0.022,15.157,0.000,29.873,2.542,104.368,0.174,0.065,15.517,2.331,29.887,0.000,0.000,0.000,0.000,0.000,0.000,0.000,29.000,2.000,2024.000,10.000,53.000,32.000
95.000,104.768,1007.238,13.380,1.225,244.412,19.979,226598.200,0.000,0.000,0.000,0.000,7.001,-0.005,2.338,0.000,0.174,0.016,15.152,0.000,29.873,2.542,111.745,0.199,0.049,15.516,2.945,29.887,0.000,0.000,0.000,0.000,0.000,0.000,0.000,29.000,2.000,2024.000,10.000,53.000,32.000
95.000,104.761,1007.237,13.380,1.225,244.396,19.978,226590.517,0.000,0.000,0.000,0.000,7.001,-0.005,2.419,0.000,0.127,0.049,15.197,0.000,29.873,2.585,118.833,0.145,0.038,15.549,2.162,29.887,0.000,0.000,0.000,0.000,0.000,0.000,0.000,29.000,2.000,2024.000,10.000,53.000,32.000
95.000,104.761,1007.237,13.380,1.225,244.396,19.978,226590.517,0.000,0.000,0.000,0.000,7.001,-0.005,2.403,0.000,0.166,0.054,15.209,0.000,29.873,2.623,126.961,0.190,0.044,15.557,2.307,29.887,0.000,0.000,0.000,0.000,0.000,0.000,0.000,29.000,2.000,2024.000,10.000,53.000,32.000
95.000,104.748,1007.236,13.380,1.225,244.365,19.977,226576.346,0.000,0.000,0.000,0.000,7.001,-0.005,2.317,0.000,0.181,0.022,15.158,0.000,29.873,2.567,134.310,0.183,0.038,15.549,2.684,29.890,0.000,0.000,0.000,0.000,0.000,0.000,0.000,29.000,2.000,2024.000,10.000,53.000,32.000
95.000,104.748,1007.236,13.380,1.225,244.365,19.977,226576.346,0.000,0.000,0.000,0.000,7.001,-0.005,2.422,0.000,0.163,0.049,15.136,0.000,29.873,2.596,142.348,0.149,0.044,15.545,2.101,29.887,0.000,0.000,0.000,0.000,0.000,0.000,0.000,29.000,2.000,2024.000,10.000,53.000,32.000
95.000,104.748,1007.236,13.380,1.225,244.365,19.977,226576.346,0.000,0.000,0.000,0.000,7.001,-0.005,2.346,0.000,0.158,0.044,15.167,0.000,29.873,2.557,149.942,0.162,0.027,15.483,2.815,29.887,0.000,0.000,0.000,0.000,0.000,0.000,0.000,29.000,2.000,2024.000,10.000,53.000,32.000
95.000,104.748,1007.235,13.380,1.225,244.365,19.977,226576.233,0.000,0.000,0.000,0.000,7.001,-0.005,2.347,0.000,0.172,0.016,15.188,0.000,29.873,2.667,160.093,0.158,0.054,15.442,4.477,29.887,0.000,0.000,0.000,0.000,0.000,0.000,0.000,29.000,2.000,2024.000,10.000,53.000,33.000
95.000,104.748,1007.235,13.380,1.225,244.365,19.977,226576.233,0.000,0.000,0.000,0.000,7.001,-0.005,2.386,0.000,0.137,0.082,15.169,0.000,29.873,2.589,170.736,0.182,0.049,15.554,3.350,29.887,0.000,0.000,0.000,0.000,0.000,0.000,0.000,29.000,2.000,2024.000,10.000,53.000,33.000
95.000,104.754,1007.234,13.380,1.225,244.379,19.978,226582.610,0.000,0.000,0.000,0.000,7.001,-0.005,2.346,0.000,0.152,0.049,15.149,0.000,29.873,2.531,165.125,0.139,0.044,15.666,37.129,29.887,0.000,0.000,0.000,0.000,0.000,0.000,0.000,29.000,2.000,2024.000,10.000,53.000,33.000
95.000,104.754,1007.234,13.380,1.225,244.379,19.978,226582.610,0.000,0.000,0.000,0.000,7.001,-0.005,2.328,0.000,0.154,0.038,15.165,0.000,29.873,2.612,-149.227,0.205,0.044,15.592,67.729,29.887,0.000,0.000,0.000,0.000,0.000,0.000,0.000,29.000,2.000,2024.000,10.000,53.000,33.000
95.000,104.764,1007.235,13.380,1.225,244.403,19.979,226593.536,0.000,0.000,0.000,0.000,7.001,-0.005,2.453,0.000,0.158,0.038,15.189,0.000,29.873,2.539,-167.328,0.180,0.027,15.481,1.090,29.887,0.000,0.000,0.000,0.000,0.000,0.000,0.000,29.000,2.000,2024.000,10.000,53.000,33.000
95.000,104.764,1007.235,13.380,1.225,244.403,19.979,226593.536,0.000,0.000,0.000,0.000,7.001,-0.005,2.372,0.000,0.167,0.060,15.176,0.000,29.873,2.604,-163.417,0.179,0.071,15.492,1.826,29.887,0.000,0.000,0.000,0.000,0.000,0.000,0.000,29.000,2.000,2024.000,10.000,53.000,33.000
95.000,104.761,1007.235,13.380,1.225,244.396,19.978,226590.292,0.000,0.000,0.000,0.000,7.001,-0.005,2.331,0.000,0.148,0.038,15.145,0.000,29.873,2.551,-155.225,0.169,0.054,15.520,1.803,29.887,0.000,0.000,0.000,0.000,0.000,0.000,0.000,29.000,2.000,2024.000,10.000,53.000,33.000
95.000,104.761,1007.235,13.380,1.225,244.396,19.978,226590.292,0.000,0.000,0.000,0.000,7.001,-0.005,2.412,0.000,0.174,0.060,15.152,0.000,29.873,2.653,-147.722,0.178,0.016,15.525,3.539,29.887,0.000,0.000,0.000,0.000,0.000,0.000,0.000,29.000,2.000,2024.000,10.000,53.000,33.000
95.000,104.752,1007.233,13.380,1.225,244.375,19.978,226580.334,0.000,0.000,0.000,0.000,7.001,-0.005,2.390,0.000,0.184,0.033,15.179,0.000,29.873,2.588,-140.255,0.173,0.071,15.545,2.749,29.887,0.000,0.000,0.000,0.000,0.000,0.000,0.000,29.000,2.000,2024.000,10.000,53.000,33.000
95.000,104.752,1007.233,13.380,1.225,244.375,19.978,226580.334,0.000,0.000,0.000,0.000,7.001,-0.005,2.374,0.000,0.165,0.044,15.174,0.000,29.873,2.533,-133.122,0.160,0.011,15.539,2.813,29.887,0.000,0.000,0.000,0.000,0.000,0.000,0.000,29.000,2.000,2024.000,10.000,53.000,33.000
95.000,104.750,1007.234,13.380,1.225,244.370,19.977,226578.284,0.000,0.000,0.000,0.000,7.001,-0.005,2.420,0.000,0.156,0.038,15.131,0.000,29.873,2.571,-126.069,0.169,0.054,15.486,2.873,29.887,0.000,0.000,0.000,0.000,0.000,0.000,0.000,29.000,2.000,2024.000,10.000,53.000,34.000
95.000,104.750,1007.234,13.380,1.225,244.370,19.977,226578.284,0.000,0.000,0.000,0.000,7.001,-0.005,2.377,0.000,0.151,0.054,15.131,0.000,29.873,2.625,-119.546,0.160,0.027,15.486,2.638,29.887,0.000,0.000,0.000,0.000,0.000,0.000,0.000,29.000,2.000,2024.000,10.000,53.000,34.000
95.000,104.750,1007.234,13.380,1.225,244.370,19.977,226578.284,0.000,0.000,0.000,0.000,7.001,-0.005,2.315,0.000,0.166,0.049,15.185,0.000,29.876,2.665,-107.862,0.175,0.049,15.512,3.466,29.887,0.000,0.000,0.000,0.000,0.000,0.000,0.000,29.000,2.000,2024.000,10.000,53.000,34.000
95.000,104.753,1007.232,13.380,1.225,244.377,19.978,226581.303,0.000,0.000,0.000,0.000,7.001,-0.005,2.408,0.000,0.168,0.005,15.185,0.000,29.876,2.584,-99.834,0.196,0.038,15.512,1.518,29.887,0.000,0.000,0.000,0.000,0.000,0.000,0.000,29.000,2.000,2024.000,10.000,53.000,34.000
95.000,104.753,1007.232,13.380,1.225,244.377,19.978,226581.303,0.000,0.000,0.000,0.000,7.001,-0.005,2.367,0.000,0.162,0.033,15.148,0.000,29.873,2.620,-94.988,0.179,0.038,15.514,2.237,29.887,0.000,0.000,0.000,0.000,0.000,0.000,0.000,29.000,2.000,2024.000,10.000,53.000,34.000
95.000,104.760,1007.233,13.380,1.225,244.393,19.978,226588.986,0.000,0.000,0.000,0.000,7.001,-0.005,2.325,0.000,0.162,0.049,15.144,0.000,29.873,2.570,-84.716,0.145,0.033,15.514,2.351,29.887,0.000,0.000,0.000,0.000,0.000,0.000,0.000,29.000,2.000,2024.000,10.000,53.000,34.000
95.000,104.760,1007.233,13.380,1.225,244.393,19.978,226588.986,0.000,0.000,0.000,0.000,7.001,-0.005,2.317,0.000,0.142,0.027,15.191,0.000,29.873,2.509,-77.339,0.185,0.033,15.504,2.324,29.887,0.000,0.000,0.000,0.000,0.000,0.000,0.000,29.000,2.000,2024.000,10.000,53.000,34.000
95.000,104.768,1007.232,13.380,1.225,244.412,19.979,226597.525,0.000,0.000,0.000,0.000,7.001,-0.005,2.347,0.000,0.165,0.065,15.203,0.000,29.873,2.576,-70.281,0.167,0.022,15.501,2.670,29.887,0.000,0.000,0.000,0.000,0.000,0.000,0.000,29.000,2.000,2024.000,10.000,53.000,34.000
95.000,104.768,1007.232,13.380,1.225,244.412,19.979,226597.525,0.000,0.000,0.000,0.000,7.001,-0.005,2.299,0.000,0.166,0.038,15.190,0.000,29.873,2.520,-62.601,0.157,0.038,15.538,2.567,29.887,0.000,0.000,0.000,0.000,0.000,0.000,0.000,29.000,2.000,2024.000,10.000,53.000,34.000
95.000,104.763,1007.233,13.380,1.225,244.400,19.979,226592.230,0.000,0.000,0.000,0.000,7.001,-0.005,2.358,0.000,0.165,0.060,15.184,0.000,29.873,2.643,-50.545,0.216,0.060,15.554,3.327,29.887,0.000,0.000,0.000,0.000,0.000,0.000,0.000,29.000,2.000,2024.000,10.000,53.000,34.000
95.000,104.763,1007.233,13.380,1.225,244.400,19.979,226592.230,0.000,0.000,0.000,0.000,7.001,-0.005,2.336,0.000,0.164,0.054,15.191,0.000,29.873,2.586,-42.157,0.172,0.044,15.525,2.895,29.887,0.000,0.000,0.000,0.000,0.000,0.000,0.000,29.000,2.000,2024.000,10.000,53.000,35.000
95.000,104.761,1007.231,13.380,1.225,244.396,19.979,226589.842,0.000,0.000,0.000,0.000,7.001,-0.005,2.330,0.000,0.150,0.065,15.195,0.000,29.873,2.603,-33.486,0.159,0.044,15.505,2.725,29.887,0.000,0.000,0.000,0.000,0.000,0.000,0.000,29.000,2.000,2024.000,10.000,53.000,35.000
95.000,104.761,1007.231,13.380,1.225,244.396,19.979,226589.842,0.000,0.000,0.000,0.000,7.001,-0.005,2.400,0.000,0.161,0.071,15.183,0.000,29.873,2.601,-24.447,0.185,0.060,15.488,2.095,29.887,0.000,0.000,0.000,0.000,0.000,0.000,0.000,29.000,2.000,2024.000,10.000,53.000,35.000
95.000,104.757,1007.231,13.380,1.225,244.386,19.978,226585.517,0.000,0.000,0.000,0.000,7.001,-0.005,2.346,0.000,0.155,0.071,15.171,0.000,29.873,2.662,-15.783,0.152,0.033,15.471,4.003,29.887,0.000,0.000,0.000,0.000,0.000,0.000,0.000,29.000,2.000,2024.000,10.000,53.000,35.000
95.000,104.757,1007.231,13.380,1.225,244.386,19.978,226585.517,0.000,0.000,0.000,0.000,7.001,-0.005,2.330,0.000,0.153,0.033,15.157,0.000,29.873,2.615,-4.420,0.145,0.044,15.550,4.217,29.887,0.000,0.000,0.000,0.000,0.000,0.000,0.000,29.000,2.000,2024.000,10.000,53.000,35.000
95.000,104.757,1007.231,13.380,1.225,244.386,19.978,226585.517,0.000,0.000,0.000,0.000,7.001,-0.005,2.394,0.000,0.162,0.038,15.136,0.000,29.873,2.514,4.644,0.159,0.065,15.668,2.043,29.887,0.000,0.000,0.000,0.000,0.000,0.000,0.000,29.000,2.000,2024.000,10.000,53.000,35.000
95.000,104.749,1007.232,13.380,1.225,244.368,19.977,226576.977,0.000,0.000,0.000,0.000,7.001,-0.005,2.348,0.000,0.158,0.038,15.135,0.000,29.876,2.607,12.402,0.181,0.038,15.595,3.756,29.887,0.000,0.000,0.000,0.000,0.000,0.000,0.000,29.000,2.000,2024.000,10.000,53.000,35.000
95.000,104.749,1007.232,13.380,1.225,244.368,19.977,226576.977,0.000,0.000,0.000,0.000,7.001,-0.005,2.306,0.000,0.163,0.049,15.133,0.000,29.873,2.499,20.959,0.194,0.044,15.427,3.246,29.887,0.000,0.000,0.000,0.000,0.000,0.000,0.000,29.000,2.000,2024.000,10.000,53.000,35.000
95.000,104.737,1007.231,13.380,1.225,244.340,19.976,226563.887,0.000,0.000,0.000,0.000,7.001,-0.005,2.360,0.000,0.157,0.054,15.128,0.000,29.873,2.577,27.800,0.164,0.049,15.450,2.206,29.887,0.000,0.000,0.000,0.000,0.000,0.000,0.000,29.000,2.000,2024.000,10.000,53.000,35.000
95.000,104.737,1007.231,13.380,1.225,244.340,19.976,226563.887,0.000,0.000,0.000,0.000,7.001,-0.005,2.324,0.000,0.165,0.049,15.109,0.000,29.873,2.585,36.054,0.185,0.049,15.545,2.570,29.887,0.000,0.000,0.000,0.000,0.000,0.000,0.000,29.000,2.000,2024.000,10.000,53.000,35.000
95.000,104.727,1007.230,13.380,1.225,244.316,19.975,226552.958,0.000,0.000,0.000,0.000,7.001,-0.005,2.335,0.000,0.166,0.027,15.114,0.000,29.876,2.665,45.659,0.195,0.044,15.543,3.148,29.887,0.000,0.000,0.000,0.000,0.000,0.000,0.000,29.000,2.000,2024.000,10.000,53.000,36.000
95.000,104.727,1007.230,13.380,1.225,244.316,19.975,226552.958,0.000,0.000,0.000,0.000,7.001,-0.005,2.350,0.000,0.159,0.011,15.165,0.000,29.873,2.598,55.898,0.162,0.049,15.530,2.294,29.887,0.000,0.000,0.000,0.000,0.000,0.000,0.000,29.000,2.000,2024.000,10.000,53.000,36.000
95.000,104.723,1007.229,13.380,1.225,244.307,19.975,226548.519,0.000,0.000,0.000,0.000,7.001,-0.005,2.327,0.000,0.158,0.038,15.165,0.000,29.873,2.535,64.421,0.163,0.065,15.530,2.159,29.887,0.000,0.000,0.000,0.000,0.000,0.000,0.000,29.000,2.000,2024.000,10.000,53.000,36.000
95.000,104.723,1007.229,13.380,1.225,244.307,19.975,226548.519,0.000,0.000,0.000,0.000,7.001,-0.005,2.318,0.000,0.161,0.027,15.125,0.000,29.873,2.591,72.887,0.169,0.071,15.498,2.659,29.887,0.000,0.000,0.000,0.000,0.000,0.000,0.000,29.000,2.000,2024.000,10.000,53.000,36.000
95.000,104.709,1007.227,13.380,1.225,244.274,19.974,226533.151,0.000,0.000,0.000,0.000,7.001,-0.005,2.366,0.000,0.160,0.065,15.125,0.000,29.873,2.567,80.453,0.155,0.065,15.498,2.286,29.887,0.000,0.000,0.000,0.000,0.000,0.000,0.000,29.000,2.000,2024.000,10.000,53.000,36.000
95.000,104.709,1007.227,13.380,1.225,244.274,19.974,226533.151,0.000,0.000,0.000,0.000,7.001,-0.005,2.313,0.000,0.155,0.022,15.162,0.000,29.873,2.661,90.917,0.167,0.038,15.541,3.687,29.887,0.000,0.000,0.000,0.000,0.000,0.000,0.000,29.000,2.000,2024.000,10.000,53.000,36.000
95.000,104.709,1007.228,13.380,1.225,244.274,19.974,226533.264,0.000,0.000,0.000,0.000,7.001,-0.005,2.329,0.000,0.163,0.065,15.166,0.000,29.873,2.607,103.156,0.229,0.076,15.546,2.950,29.887,0.000,0.000,0.000,0.000,0.000,0.000,0.000,29.000,2.000,2024.000,10.000,53.000,36.000
95.000,104.709,1007.228,13.380,1.225,244.274,19.974,226533.264,0.000,0.000,0.000,0.000,7.001,-0.005,2.350,0.000,0.182,0.000,15.167,0.000,29.873,2.598,110.027,0.123,0.038,15.504,2.392,29.887,0.000,0.000,0.000,0.000,0.000,0.000,0.000,29.000,2.000,2024.000,10.000,53.000,36.000
95.000,104.709,1007.228,13.380,1.225,244.274,19.974,226533.264,0.000,0.000,0.000,0.000,7.001,-0.005,2.321,0.000,0.151,0.033,15.167,0.000,29.873,2.602,121.327,0.188,0.049,15.493,2.745,29.887,0.000,0.000,0.000,0.000,0.000,0.000,0.000,29.000,2.000,2024.000,10.000,53.000,36.000
95.000,104.721,1007.226,13.380,1.225,244.302,19.975,226546.019,0.000,0.000,0.000,0.000,7.001,-0.005,2.344,0.000,0.138,0.060,15.185,0.000,29.873,2.518,128.480,0.176,0.022,15.508,1.787,29.887,0.000,0.000,0.000,0.000,0.000,0.000,0.000,29.000,2.000,2024.000,10.000,53.000,36.000
95.000,104.721,1007.226,13.380,1.225,244.302,19.975,226546.019,0.000,0.000,0.000,0.000,7.001,-0.005,2.331,0.000,0.165,0.033,15.192,0.000,29.873,2.581,136.161,0.160,0.054,15.514,3.449,29.887,0.000,0.000,0.000,0.000,0.000,0.000,0.000,29.000,2.000,2024.000,10.000,53.000,37.000
95.000,104.734,1007.226,13.380,1.225,244.333,19.976,226560.080,0.000,0.000,0.000,0.000,7.001,-0.005,2.313,0.000,0.167,0.038,15.167,0.000,29.873,2.527,145.160,0.168,0.060,15.513,3.272,29.887,0.000,0.000,0.000,0.000,0.000,0.000,0.000,29.000,2.000,2024.000,10.000,53.000,37.000
95.000,104.734,1007.226,13.380,1.225,244.333,19.976,226560.080,0.000,0.000,0.000,0.000,7.001,-0.005,2.382,0.000,0.165,0.044,15.150,0.000,29.873,2.647,155.490,0.198,0.049,15.513,3.989,29.887,0.000,0.000,0.000,0.000,0.000,0.000,0.000,29.000,2.000,2024.000,10.000,53.000,37.000
95.000,104.729,1007.225,13.380,1.225,244.321,19.976,226554.559,0.000,0.000,0.000,0.000,7.001,-0.005,2.338,0.000,0.154,0.076,15.157,0.000,29.873,2.564,164.160,0.173,0.087,15.504,3.421,29.887,0.000,0.000,0.000,0.000,0.000,0.000,0.000,29.000,2.000,2024.000,10.000,53.000,37.000
95.000,104.729,1007.225,13.380,1.225,244.321,19.976,226554.559,0.000,0.000,0.000,0.000,7.001,-0.005,2.316,0.000,0.171,0.071,15.163,0.000,29.873,2.566,173.116,0.173,0.049,15.495,3.205,29.887,0.000,0.000,0.000,0.000,0.000,0.000,0.000,29.000,2.000,2024.000,10.000,53.000,37.000
95.000,104.727,1007.225,13.380,1.225,244.316,19.975,226552.396,0.000,0.000,0.000,0.000,7.001,-0.005,2.379,0.000,0.156,0.038,15.149,0.000,29.873,2.593,-92.508,0.170,0.027,15.504,132.530,29.887,0.000,0.000,0.000,0.000,0.000,0.000,0.000,29.000,2.000,2024.000,10.000,53.000,37.000
95.000,104.727,1007.225,13.380,1.225,244.316,19.975,226552.396,0.000,0.000,0.000,0.000,7.001,-0.005,2.325,0.000,0.156,0.082,15.128,0.000,29.873,2.655,-169.846,0.159,0.038,15.516,3.188,29.887,0.000,0.000,0.000,0.000,0.000,0.000,0.000,29.000,2.000,2024.000,10.000,53.000,37.000
