105.000,417.257,1007.183,13.860,1.223,977.910,39.998,452276.230,0.000,0.000,0.000,0.000,0.006,-0.005,123.003,0.000,0.053,9.020,23.861,0.000,51.505,123.049,31.041,0.051,8.933,23.897,0.698,51.656,0.000,0.000,0.000,0.000,0.000,0.000,0.000,29.000,2.000,2024.000,11.000,2.000,54.000
105.000,417.257,1007.183,13.860,1.223,977.910,39.998,452276.230,0.000,0.000,0.000,0.000,0.006,-0.005,122.990,0.000,0.061,10.455,23.850,0.000,51.586,123.045,32.726,0.065,9.495,23.889,0.950,51.666,0.000,0.000,0.000,0.000,0.000,0.000,0.000,29.000,2.000,2024.000,11.000,2.000,54.000
105.000,417.305,1007.183,13.860,1.223,978.023,40.000,452302.444,0.000,0.000,0.000,0.000,0.006,-0.005,123.085,0.000,0.046,10.367,23.850,0.000,51.519,123.009,33.225,0.054,10.029,23.889,0.978,51.705,0.000,0.000,0.000,0.000,0.000,0.000,0.000,29.000,2.000,2024.000,11.000,2.000,55.000
105.000,417.305,1007.183,13.860,1.223,978.023,40.000,452302.444,0.000,0.000,0.000,0.000,0.006,-0.005,123.053,0.000,0.051,10.046,23.842,0.000,51.481,123.060,31.572,0.048,9.669,23.906,0.321,51.680,0.000,0.000,0.000,0.000,0.000,0.000,0.000,29.000,2.000,2024.000,11.000,2.000,55.000
105.000,417.342,1007.182,13.860,1.223,978.111,40.002,452322.425,0.000,0.000,0.000,0.000,0.006,-0.005,123.051,0.000,0.046,11.415,23.842,0.000,51.551,123.040,32.388,0.050,12.129,23.908,0.457,51.666,0.000,0.000,0.000,0.000,0.000,0.000,0.000,29.000,2.000,2024.000,11.000,2.000,55.000
105.000,417.342,1007.182,13.860,1.223,978.111,40.002,452322.425,0.000,0.000,0.000,0.000,0.006,-0.005,122.994,0.000,0.021,11.027,23.836,0.000,51.533,123.038,32.138,0.040,12.254,23.899,0.729,51.740,0.000,0.000,0.000,0.000,0.000,0.000,0.000,29.000,2.000,2024.000,11.000,2.000,55.000
105.000,417.342,1007.182,13.860,1.223,978.111,40.002,452322.425,0.000,0.000,0.000,0.000,0.006,-0.005,123.010,0.000,0.035,9.337,23.834,0.000,51.603,123.016,33.416,0.013,12.582,23.897,0.137,51.701,0.000,0.000,0.000,0.000,0.000,0.000,0.000,29.000,2.000,2024.000,11.000,2.000,55.000
105.000,417.342,1007.179,13.860,1.222,978.111,40.002,452321.752,0.000,0.000,0.000,0.000,0.006,-0.005,123.054,0.000,0.041,9.680,23.867,0.000,51.540,123.011,32.586,0.067,11.245,23.905,0.507,51.684,0.000,0.000,0.000,0.000,0.000,0.000,0.000,29.000,2.000,2024.000,11.000,2.000,55.000
105.000,417.342,1007.179,13.860,1.222,978.111,40.002,452321.752,0.000,0.000,0.000,0.000,0.006,-0.005,123.021,0.000,0.051,9.326,23.881,0.000,51.502,122.995,31.107,0.044,12.380,23.909,0.356,51.729,0.000,0.000,0.000,0.000,0.000,0.000,0.000,29.000,2.000,2024.000,11.000,2.000,55.000
105.000,417.338,1007.180,13.860,1.222,978.101,40.002,452319.792,0.000,0.000,0.000,0.000,0.006,-0.005,123.040,0.000,0.020,9.342,23.864,0.000,51.533,122.989,30.228,0.062,16.901,23.936,0.720,51.733,0.000,0.000,0.000,0.000,0.000,0.000,0.000,29.000,2.000,2024.000,11.000,2.000,55.000
105.000,417.338,1007.180,13.860,1.222,978.101,40.002,452319.792,0.000,0.000,0.000,0.000,0.006,-0.005,123.024,0.000,0.060,11.294,23.852,0.000,51.593,122.998,29.127,0.040,12.467,23.954,0.619,51.743,0.000,0.000,0.000,0.000,0.000,0.000,0.000,29.000,2.000,2024.000,11.000,2.000,55.000
105.000,417.321,1007.179,13.860,1.222,978.061,40.001,452310.284,0.000,0.000,0.000,0.000,0.006,-0.005,123.083,0.000,0.045,11.704,23.862,0.000,51.547,123.039,27.839,0.045,11.944,23.945,0.594,51.680,0.000,0.000,0.000,0.000,0.000,0.000,0.000,29.000,2.000,2024.000,11.000,2.000,55.000
105.000,417.321,1007.179,13.860,1.222,978.061,40.001,452310.284,0.000,0.000,0.000,0.000,0.006,-0.005,123.010,0.000,0.044,11.175,23.872,0.000,51.586,123.007,27.009,0.037,10.171,23.936,0.317,51.729,0.000,0.000,0.000,0.000,0.000,0.000,0.000,29.000,2.000,2024.000,11.000,2.000,56.000
105.000,417.324,1007.178,13.860,1.222,978.068,40.001,452311.697,0.000,0.000,0.000,0.000,0.006,-0.005,123.052,0.000,0.051,14.158,23.883,0.000,51.530,123.025,26.570,0.042,9.877,23.936,0.530,51.715,0.000,0.000,0.000,0.000,0.000,0.000,0.000,29.000,2.000,2024.000,11.000,2.000,56.000
105.000,417.324,1007.178,13.860,1.222,978.068,40.001,452311.697,0.000,0.000,0.000,0.000,0.006,-0.005,122.980,0.000,0.038,15.216,23.900,0.000,51.554,123.060,27.230,0.047,9.413,23.936,0.885,51.715,0.000,0.000,0.000,0.000,0.000,0.000,0.000,29.000,2.000,2024.000,11.000,2.000,56.000
105.000,417.331,1007.179,13.860,1.222,978.085,40.002,452315.745,0.000,0.000,0.000,0.000,0.006,-0.005,123.030,0.000,0.040,13.487,23.891,0.000,51.593,123.040,28.466,0.082,9.435,23.947,0.295,51.687,0.000,0.000,0.000,0.000,0.000,0.000,0.000,29.000,2.000,2024.000,11.000,2.000,56.000
105.000,417.331,1007.179,13.860,1.222,978.085,40.002,452315.745,0.000,0.000,0.000,0.000,0.006,-0.005,123.045,0.000,0.032,16.061,23.870,0.000,51.544,123.017,28.915,0.046,8.998,23.973,0.266,51.663,0.000,0.000,0.000,0.000,0.000,0.000,0.000,29.000,2.000,2024.000,11.000,2.000,56.000
105.000,417.369,1007.182,13.860,1.223,978.175,40.004,452337.169,0.000,0.000,0.000,0.000,0.006,-0.005,123.008,0.000,0.049,14.103,23.880,0.000,51.530,123.061,28.706,0.056,10.515,23.977,0.943,51.708,0.000,0.000,0.000,0.000,0.000,0.000,0.000,29.000,2.000,2024.000,11.000,2.000,56.000
105.000,417.369,1007.182,13.860,1.223,978.175,40.004,452337.169,0.000,0.000,0.000,0.000,0.006,-0.005,123.031,0.000,0.044,10.509,23.919,0.000,51.512,123.009,30.227,0.041,10.008,23.994,0.310,51.789,0.000,0.000,0.000,0.000,0.000,0.000,0.000,29.000,2.000,2024.000,11.000,2.000,56.000
105.000,417.408,1007.183,13.860,1.223,978.267,40.005,452358.690,0.000,0.000,0.000,0.000,0.006,-0.005,123.015,0.000,0.078,9.757,23.916,0.000,51.610,123.021,30.088,0.030,10.444,23.990,0.614,51.761,0.000,0.000,0.000,0.000,0.000,0.000,0.000,29.000,2.000,2024.000,11.000,2.000,56.000
105.000,417.408,1007.183,13.860,1.223,978.267,40.005,452358.690,0.000,0.000,0.000,0.000,0.006,-0.005,123.071,0.000,0.060,9.615,23.895,0.000,51.614,123.037,28.692,0.073,9.893,23.956,0.355,51.740,0.000,0.000,0.000,0.000,0.000,0.000,0.000,29.000,2.000,2024.000,11.000,2.000,56.000
105.000,417.401,1007.183,13.860,1.223,978.250,40.005,452354.868,0.000,0.000,0.000,0.000,0.006,-0.005,123.047,0.000,0.040,9.691,23.895,0.000,51.572,123.008,27.396,0.040,9.648,23.956,0.531,51.680,0.000,0.000,0.000,0.000,0.000,0.000,0.000,29.000,2.000,2024.000,11.000,2.000,56.000
105.000,417.401,1007.183,13.860,1.223,978.250,40.005,452354.868,0.000,0.000,0.000,0.000,0.006,-0.005,123.000,0.000,0.071,9.887,23.899,0.000,51.505,123.062,27.346,0.036,10.373,23.976,0.952,51.670,0.000,0.000,0.000,0.000,0.000,0.000,0.000,29.000,2.000,2024.000,11.000,2.000,57.000
105.000,417.401,1007.183,13.860,1.223,978.250,40.005,452354.868,0.000,0.000,0.000,0.000,0.006,-0.005,123.059,0.000,0.076,10.269,23.899,0.000,51.558,123.014,28.632,0.054,9.560,23.976,0.986,51.719,0.000,0.000,0.000,0.000,0.000,0.000,0.000,29.000,2.000,2024.000,11.000,2.000,57.000
105.000,417.411,1007.185,13.860,1.223,978.274,40.006,452360.778,0.000,0.000,0.000,0.000,0.006,-0.005,123.046,0.000,0.066,11.747,23.930,0.000,51.596,123.065,28.697,0.034,10.700,23.988,0.489,51.666,0.000,0.000,0.000,0.000,0.000,0.000,0.000,29.000,2.000,2024.000,11.000,2.000,57.000
105.000,417.411,1007.185,13.860,1.223,978.274,40.006,452360.778,0.000,0.000,0.000,0.000,0.006,-0.005,123.075,0.000,0.053,11.393,23.933,0.000,51.453,123.057,27.575,0.039,11.060,23.990,0.429,51.649,0.000,0.000,0.000,0.000,0.000,0.000,0.000,29.000,2.000,2024.000,11.000,2.000,57.000
105.000,417.467,1007.185,13.880,1.222,978.406,40.010,452351.077,0.000,0.000,0.000,0.000,0.006,-0.005,122.991,0.000,0.047,11.398,23.929,0.000,51.568,123.059,28.761,0.039,10.978,23.991,0.573,51.733,0.000,0.000,0.000,0.000,0.000,0.000,0.000,29.000,2.000,2024.000,11.000,2.000,57.000
105.000,417.467,1007.185,13.880,1.222,978.406,40.010,452351.077,0.000,0.000,0.000,0.000,0.006,-0.005,123.015,0.000,0.062,11.300,23.928,0.000,51.554,123.053,30.663,0.059,14.360,23.992,0.402,51.722,0.000,0.000,0.000,0.000,0.000,0.000,0.000,29.000,2.000,2024.000,11.000,2.000,57.000
105.000,417.456,1007.184,13.860,1.223,978.380,40.008,452385.124,0.000,0.000,0.000,0.000,0.006,-0.005,123.015,0.000,0.047,9.920,23.932,0.000,51.603,123.104,33.758,0.077,13.470,24.001,1.041,51.649,0.000,0.000,0.000,0.000,0.000,0.000,0.000,29.000,2.000,2024.000,11.000,2.000,57.000
105.000,417.456,1007.184,13.860,1.223,978.380,40.008,452385.124,0.000,0.000,0.000,0.000,0.006,-0.005,123.021,0.000,0.011,9.260,23.933,0.000,51.561,122.999,34.972,0.034,13.258,24.005,0.327,51.743,0.000,0.000,0.000,0.000,0.000,0.000,0.000,29.000,2.000,2024.000,11.000,2.000,57.000
105.000,417.450,1007.185,13.860,1.223,978.366,40.007,452382.073,0.000,0.000,0.000,0.000,0.006,-0.005,123.060,0.000,0.032,9.309,23.937,0.000,51.519,123.035,33.866,0.030,10.776,24.003,0.370,51.677,0.000,0.000,0.000,0.000,0.000,0.000,0.000,29.000,2.000,2024.000,11.000,2.000,57.000
105.000,417.450,1007.185,13.860,1.223,978.366,40.007,452382.073,0.000,0.000,0.000,0.000,0.006,-0.005,123.034,0.000,0.054,9.582,23.939,0.000,51.491,123.007,32.717,0.036,12.004,24.002,0.340,51.712,0.000,0.000,0.000,0.000,0.000,0.000,0.000,29.000,2.000,2024.000,11.000,2.000,57.000
105.000,417.433,1007.184,13.860,1.223,978.326,40.007,452372.566,0.000,0.000,0.000,0.000,0.006,-0.005,123.041,0.000,0.050,9.718,23.945,0.000,51.442,123.047,32.406,0.057,12.773,24.018,0.223,51.694,0.000,0.000,0.000,0.000,0.000,0.000,0.000,29.000,2.000,2024.000,11.000,2.000,58.000
105.000,417.433,1007.184,13.860,1.223,978.326,40.007,452372.566,0.000,0.000,0.000,0.000,0.006,-0.005,123.030,0.000,0.041,11.851,23.952,0.000,51.544,122.997,32.239,0.055,13.520,24.033,0.587,51.799,0.000,0.000,0.000,0.000,0.000,0.000,0.000,29.000,2.000,2024.000,11.000,2.000,58.000
105.000,417.437,1007.182,13.880,1.222,978.335,40.008,452334.024,0.000,0.000,0.000,0.000,0.006,-0.005,123.042,0.000,0.031,12.080,23.957,0.000,51.533,123.016,30.865,0.037,13.825,24.027,0.287,51.684,0.000,0.000,0.000,0.000,0.000,0.000,0.000,29.000,2.000,2024.000,11.000,2.000,58.000
105.000,417.437,1007.182,13.880,1.222,978.335,40.008,452334.024,0.000,0.000,0.000,0.000,0.006,-0.005,123.009,0.000,0.030,13.072,23.965,0.000,51.603,123.008,31.055,0.050,14.681,24.018,0.191,51.743,0.000,0.000,0.000,0.000,0.000,0.000,0.000,29.000,2.000,2024.000,11.000,2.000,58.000
105.000,417.437,1007.182,13.880,1.222,978.335,40.008,452334.024,0.000,0.000,0.000,0.000,0.006,-0.005,122.950,0.000,0.048,15.123,23.967,0.000,51.537,123.016,31.978,0.029,10.089,24.024,0.646,51.701,0.000,0.000,0.000,0.000,0.000,0.000,0.000,29.000,2.000,2024.000,11.000,2.000,58.000
105.000,417.437,1007.179,13.860,1.222,978.335,40.007,452373.627,0.000,0.000,0.000,0.000,0.006,-0.005,123.023,0.000,0.056,17.037,23.972,0.000,51.670,123.075,34.520,0.041,9.860,24.038,0.622,51.694,0.000,0.000,0.000,0.000,0.000,0.000,0.000,29.000,2.000,2024.000,11.000,2.000,58.000
105.000,417.437,1007.179,13.860,1.222,978.335,40.007,452373.627,0.000,0.000,0.000,0.000,0.006,-0.005,123.041,0.000,0.040,14.469,23.972,0.000,51.575,123.048,35.337,0.058,10.798,24.040,0.411,51.603,0.000,0.000,0.000,0.000,0.000,0.000,0.000,29.000,2.000,2024.000,11.000,2.000,58.000
105.000,417.448,1007.178,13.880,1.222,978.361,40.009,452339.131,0.000,0.000,0.000,0.000,0.006,-0.005,123.034,0.000,0.033,12.314,23.972,0.000,51.502,123.046,35.036,0.043,11.000,24.049,0.354,51.691,0.000,0.000,0.000,0.000,0.000,0.000,0.000,29.000,2.000,2024.000,11.000,2.000,58.000
105.000,417.448,1007.178,13.880,1.222,978.361,40.009,452339.131,0.000,0.000,0.000,0.000,0.006,-0.005,123.045,0.000,0.049,13.923,23.973,0.000,51.568,123.061,36.763,0.064,10.291,24.049,0.354,51.600,0.000,0.000,0.000,0.000,0.000,0.000,0.000,29.000,2.000,2024.000,11.000,2.000,58.000
105.000,417.430,1007.176,13.880,1.222,978.319,40.008,452328.855,0.000,0.000,0.000,0.000,0.006,-0.005,123.035,0.000,0.043,10.029,23.981,0.000,51.526,123.041,35.576,0.061,9.702,24.057,0.420,51.638,0.000,0.000,0.000,0.000,0.000,0.000,0.000,29.000,2.000,2024.000,11.000,2.000,58.000
105.000,417.430,1007.176,13.880,1.222,978.319,40.008,452328.855,0.000,0.000,0.000,0.000,0.006,-0.005,123.055,0.000,0.049,10.357,23.981,0.000,51.495,123.033,36.109,0.042,9.915,24.057,0.460,51.677,0.000,0.000,0.000,0.000,0.000,0.000,0.000,29.000,2.000,2024.000,11.000,2.000,59.000
105.000,417.413,1007.175,13.880,1.222,978.279,40.007,452319.348,0.000,0.000,0.000,0.000,0.006,-0.005,123.014,0.000,0.033,9.893,23.970,0.000,51.516,123.043,36.486,0.048,9.664,24.052,0.361,51.729,0.000,0.000,0.000,0.000,0.000,0.000,0.000,29.000,2.000,2024.000,11.000,2.000,59.000
105.000,417.413,1007.175,13.880,1.222,978.279,40.007,452319.348,0.000,0.000,0.000,0.000,0.006,-0.005,123.105,0.000,0.048,10.553,23.970,0.000,51.453,122.998,35.019,0.033,9.822,24.052,1.116,51.687,0.000,0.000,0.000,0.000,0.000,0.000,0.000,29.000,2.000,2024.000,11.000,2.000,59.000
105.000,417.409,1007.174,13.880,1.222,978.269,40.007,452316.940,0.000,0.000,0.000,0.000,0.006,-0.005,123.008,0.000,0.084,10.913,23.994,0.000,51.488,122.983,32.125,0.045,9.855,24.063,0.456,51.687,0.000,0.000,0.000,0.000,0.000,0.000,0.000,29.000,2.000,2024.000,11.000,2.000,59.000
105.000,417.409,1007.174,13.880,1.222,978.269,40.007,452316.940,0.000,0.000,0.000,0.000,0.006,-0.005,123.038,0.000,0.056,9.517,23.996,0.000,51.586,123.041,32.927,0.035,9.729,24.064,0.078,51.635,0.000,0.000,0.000,0.000,0.000,0.000,0.000,29.000,2.000,2024.000,11.000,2.000,59.000
105.000,417.401,1007.174,13.880,1.222,978.250,40.007,452312.572,0.000,0.000,0.000,0.000,0.006,-0.005,123.006,0.000,0.034,11.655,23.997,0.000,51.568,123.026,33.490,0.037,10.329,24.064,0.237,51.659,0.000,0.000,0.000,0.000,0.000,0.000,0.000,29.000,2.000,2024.000,11.000,2.000,59.000
105.000,417.401,1007.174,13.880,1.222,978.250,40.007,452312.572,0.000,0.000,0.000,0.000,0.006,-0.005,123.046,0.000,0.049,10.231,23.997,0.000,51.568,123.027,33.330,0.058,13.209,24.064,0.219,51.694,0.000,0.000,0.000,0.000,0.000,0.000,0.000,29.000,2.000,2024.000,11.000,2.000,59.000
105.000,417.389,1007.170,13.880,1.222,978.222,40.006,452305.122,0.000,0.000,0.000,0.000,0.006,-0.005,123.091,0.000,0.016,9.484,24.009,0.000,51.470,123.072,32.617,0.022,11.371,24.082,0.262,51.680,0.000,0.000,0.000,0.000,0.000,0.000,0.000,29.000,2.000,2024.000,11.000,2.000,59.000
105.000,417.389,1007.170,13.880,1.222,978.222,40.006,452305.122,0.000,0.000,0.000,0.000,0.006,-0.005,123.006,0.000,0.052,9.680,24.015,0.000,51.505,123.072,33.264,0.067,13.247,24.090,0.781,51.687,0.000,0.000,0.000,0.000,0.000,0.000,0.000,29.000,2.000,2024.000,11.000,2.000,59.000
105.000,417.389,1007.170,13.880,1.222,978.222,40.006,452305.122,0.000,0.000,0.000,0.000,0.006,-0.005,123.014,0.000,0.031,8.857,24.002,0.000,51.495,123.017,34.842,0.043,13.187,24.082,0.254,51.694,0.000,0.000,0.000,0.000,0.000,0.000,0.000,29.000,2.000,2024.000,11.000,2.000,59.000
105.000,417.413,1007.170,13.880,1.222,978.279,40.007,452318.226,0.000,0.000,0.000,0.000,0.006,-0.005,122.991,0.000,0.057,9.566,23.993,0.000,51.593,123.027,36.072,0.015,13.323,24.077,0.489,51.708,0.000,0.000,0.000,0.000,0.000,0.000,0.000,29.000,2.000,2024.000,11.000,3.000,0.000
105.000,417.413,1007.170,13.880,1.222,978.279,40.007,452318.226,0.000,0.000,0.000,0.000,0.006,-0.005,123.029,0.000,0.048,11.000,24.008,0.000,51.551,123.014,36.008,0.042,13.247,24.086,0.211,51.687,0.000,0.000,0.000,0.000,0.000,0.000,0.000,29.000,2.000,2024.000,11.000,3.000,0.000
105.000,417.441,1007.169,13.880,1.222,978.345,40.009,452333.289,0.000,0.000,0.000,0.000,0.006,-0.005,123.012,0.000,0.055,13.547,24.024,0.000,51.621,123.007,35.914,0.049,11.409,24.096,0.222,51.691,0.000,0.000,0.000,0.000,0.000,0.000,0.000,29.000,2.000,2024.000,11.000,3.000,0.000
105.000,417.441,1007.169,13.880,1.222,978.345,40.009,452333.289,0.000,0.000,0.000,0.000,0.006,-0.005,123.094,0.000,0.073,12.025,24.031,0.000,51.428,123.014,33.158,0.070,16.388,24.098,1.060,51.610,0.000,0.000,0.000,0.000,0.000,0.000,0.000,29.000,2.000,2024.000,11.000,3.000,0.000
105.000,417.430,1007.167,13.880,1.222,978.319,40.008,452326.834,0.000,0.000,0.000,0.000,0.006,-0.005,123.000,0.000,0.036,14.490,24.041,0.000,51.554,123.023,32.862,0.067,9.920,24.101,0.275,51.740,0.000,0.000,0.000,0.000,0.000,0.000,0.000,29.000,2.000,2024.000,11.000,3.000,0.000
105.000,417.430,1007.167,13.880,1.222,978.319,40.008,452326.834,0.000,0.000,0.000,0.000,0.006,-0.005,123.058,0.000,0.050,14.430,24.043,0.000,51.526,123.059,33.716,0.023,12.369,24.102,0.285,51.666,0.000,0.000,0.000,0.000,0.000,0.000,0.000,29.000,2.000,2024.000,11.000,3.000,0.000
105.000,417.441,1007.167,13.880,1.222,978.345,40.009,452332.839,0.000,0.000,0.000,0.000,0.006,-0.005,123.061,0.000,0.071,13.803,24.049,0.000,51.607,123.054,34.469,0.077,10.111,24.104,0.631,51.754,0.000,0.000,0.000,0.000,0.000,0.000,0.000,29.000,2.000,2024.000,11.000,3.000,0.000
105.000,417.441,1007.167,13.880,1.222,978.345,40.009,452332.839,0.000,0.000,0.000,0.000,0.006,-0.005,122.991,0.000,0.021,14.943,24.049,0.000,51.551,123.030,34.306,0.026,9.097,24.109,0.446,51.677,0.000,0.000,0.000,0.000,0.000,0.000,0.000,29.000,2.000,2024.000,11.000,3.000,0.000
105.000,417.429,1007.167,13.880,1.222,978.316,40.008,452326.288,0.000,0.000,0.000,0.000,0.006,-0.005,123.076,0.000,0.032,14.376,24.050,0.000,51.582,123.045,34.069,0.061,10.209,24.130,0.340,51.722,0.000,0.000,0.000,0.000,0.000,0.000,0.000,29.000,2.000,2024.000,11.000,3.000,0.000
105.000,417.429,1007.167,13.880,1.222,978.316,40.008,452326.288,0.000,0.000,0.000,0.000,0.006,-0.005,123.048,0.000,0.067,10.945,24.050,0.000,51.540,123.042,33.953,0.055,9.882,24.129,0.456,51.582,0.000,0.000,0.000,0.000,0.000,0.000,0.000,29.000,2.000,2024.000,11.000,3.000,0.000
105.000,417.413,1007.165,13.880,1.222,978.279,40.007,452317.103,0.000,0.000,0.000,0.000,0.006,-0.005,123.016,0.000,0.041,16.617,24.049,0.000,51.596,123.004,33.486,0.061,10.318,24.116,0.208,51.677,0.000,0.000,0.000,0.000,0.000,0.000,0.000,29.000,2.000,2024.000,11.000,3.000,1.000
105.000,417.413,1007.165,13.880,1.222,978.279,40.007,452317.103,0.000,0.000,0.000,0.000,0.006,-0.005,123.040,0.000,0.053,10.269,24.049,0.000,51.526,123.074,33.212,0.056,10.133,24.116,0.400,51.645,0.000,0.000,0.000,0.000,0.000,0.000,0.000,29.000,2.000,2024.000,11.000,3.000,1.000
105.000,417.413,1007.165,13.880,1.222,978.279,40.007,452317.103,0.000,0.000,0.000,0.000,0.006,-0.005,123.059,0.000,0.035,10.073,24.039,0.000,51.523,123.051,33.033,0.092,9.522,24.127,0.633,51.558,0.000,0.000,0.000,0.000,0.000,0.000,0.000,29.000,2.000,2024.000,11.000,3.000,1.000
105.000,417.415,1007.166,13.880,1.222,978.283,40.007,452318.419,0.000,0.000,0.000,0.000,0.006,-0.005,123.083,0.000,0.060,9.506,24.039,0.000,51.509,123.018,33.438,0.086,10.040,24.127,1.080,51.726,0.000,0.000,0.000,0.000,0.000,0.000,0.000,29.000,2.000,2024.000,11.000,3.000,1.000
105.000,417.415,1007.166,13.880,1.222,978.283,40.007,452318.419,0.000,0.000,0.000,0.000,0.006,-0.005,123.025,0.000,0.023,10.095,24.047,0.000,51.516,123.014,31.634,0.040,9.097,24.130,0.413,51.708,0.000,0.000,0.000,0.000,0.000,0.000,0.000,29.000,2.000,2024.000,11.000,3.000,1.000
105.000,417.453,1007.165,13.900,1.222,978.373,40.011,452298.671,0.000,0.000,0.000,0.000,0.006,-0.005,123.059,0.000,0.032,11.202,24.048,0.000,51.495,123.016,30.012,0.036,9.642,24.130,0.459,51.691,0.000,0.000,0.000,0.000,0.000,0.000,0.000,29.000,2.000,2024.000,11.000,3.000,1.000
105.000,417.453,1007.165,13.900,1.222,978.373,40.011,452298.671,0.000,0.000,0.000,0.000,0.006,-0.005,123.058,0.000,0.038,11.551,24.048,0.000,51.502,123.055,29.238,0.060,10.193,24.150,0.380,51.656,0.000,0.000,0.000,0.000,0.000,0.000,0.000,29.000,2.000,2024.000,11.000,3.000,1.000
105.000,417.454,1007.164,13.880,1.222,978.375,40.009,452339.263,0.000,0.000,0.000,0.000,0.006,-0.005,122.987,0.000,0.047,11.573,24.049,0.000,51.533,123.052,30.516,0.047,10.449,24.155,0.714,51.624,0.000,0.000,0.000,0.000,0.000,0.000,0.000,29.000,2.000,2024.000,11.000,3.000,1.000
105.000,417.454,1007.164,13.880,1.222,978.375,40.009,452339.263,0.000,0.000,0.000,0.000,0.006,-0.005,122.989,0.000,0.040,11.404,24.068,0.000,51.600,123.035,33.144,0.049,11.671,24.156,0.410,51.715,0.000,0.000,0.000,0.000,0.000,0.000,0.000,29.000,2.000,2024.000,11.000,3.000,1.000
105.000,417.454,1007.162,13.900,1.222,978.375,40.011,452298.544,0.000,0.000,0.000,0.000,0.006,-0.005,123.023,0.000,0.041,10.236,24.076,0.000,51.519,123.129,35.746,0.052,14.556,24.157,1.183,51.593,0.000,0.000,0.000,0.000,0.000,0.000,0.000,29.000,2.000,2024.000,11.000,3.000,1.000
105.000,417.454,1007.162,13.900,1.222,978.375,40.011,452298.544,0.000,0.000,0.000,0.000,0.006,-0.005,123.035,0.000,0.032,9.178,24.072,0.000,51.481,123.070,38.521,0.051,10.613,24.159,0.267,51.733,0.000,0.000,0.000,0.000,0.000,0.000,0.000,29.000,2.000,2024.000,11.000,3.000,2.000
105.000,417.455,1007.162,13.900,1.222,978.378,40.011,452299.090,0.000,0.000,0.000,0.000,0.006,-0.005,122.990,0.000,0.073,9.282,24.069,0.000,51.519,123.081,39.432,0.076,13.132,24.161,1.238,51.719,0.000,0.000,0.000,0.000,0.000,0.000,0.000,29.000,2.000,2024.000,11.000,3.000,2.000
105.000,417.455,1007.162,13.900,1.222,978.378,40.011,452299.090,0.000,0.000,0.000,0.000,0.006,-0.005,123.023,0.000,0.056,9.724,24.078,0.000,51.638,123.036,43.021,0.044,12.783,24.161,0.197,51.708,0.000,0.000,0.000,0.000,0.000,0.000,0.000,29.000,2.000,2024.000,11.000,3.000,2.000
105.000,417.465,1007.162,13.880,1.222,978.401,40.010,452344.820,0.000,0.000,0.000,0.000,0.006,-0.005,122.986,0.000,0.085,10.995,24.087,0.000,51.624,122.960,42.371,0.046,13.771,24.161,0.292,51.761,0.000,0.000,0.000,0.000,0.000,0.000,0.000,29.000,2.000,2024.000,11.000,3.000,2.000
105.000,417.465,1007.162,13.880,1.222,978.401,40.010,452344.820,0.000,0.000,0.000,0.000,0.006,-0.005,123.030,0.000,0.075,12.931,24.083,0.000,51.523,122.977,40.484,0.018,12.418,24.168,0.581,51.687,0.000,0.000,0.000,0.000,0.000,0.000,0.000,29.000,2.000,2024.000,11.000,3.000,2.000
105.000,417.465,1007.162,13.880,1.222,978.401,40.010,452344.820,0.000,0.000,0.000,0.000,0.006,-0.005,123.049,0.000,0.079,13.700,24.078,0.000,51.470,122.985,37.981,0.045,9.571,24.178,0.930,51.677,0.000,0.000,0.000,0.000,0.000,0.000,0.000,29.000,2.000,2024.000,11.000,3.000,2.000
105.000,417.493,1007.162,13.900,1.222,978.467,40.013,452319.834,0.000,0.000,0.000,0.000,0.006,-0.005,123.051,0.000,0.039,12.865,24.089,0.000,51.509,123.053,38.003,0.022,17.375,24.182,0.302,51.659,0.000,0.000,0.000,0.000,0.000,0.000,0.000,29.000,2.000,2024.000,11.000,3.000,2.000
105.000,417.493,1007.162,13.900,1.222,978.467,40.013,452319.834,0.000,0.000,0.000,0.000,0.006,-0.005,123.074,0.000,0.025,15.265,24.117,0.000,51.533,123.070,37.883,0.049,11.774,24.191,0.110,51.698,0.000,0.000,0.000,0.000,0.000,0.000,0.000,29.000,2.000,2024.000,11.000,3.000,2.000
105.000,417.492,1007.161,13.900,1.222,978.465,40.013,452319.063,0.000,0.000,0.000,0.000,0.006,-0.005,123.019,0.000,0.017,13.972,24.117,0.000,51.533,123.044,37.960,0.022,10.956,24.193,0.440,51.642,0.000,0.000,0.000,0.000,0.000,0.000,0.000,29.000,2.000,2024.000,11.000,3.000,2.000
105.000,417.492,1007.161,13.900,1.222,978.465,40.013,452319.063,0.000,0.000,0.000,0.000,0.006,-0.005,123.073,0.000,0.053,11.764,24.118,0.000,51.523,123.027,38.333,0.047,11.344,24.200,0.673,51.722,0.000,0.000,0.000,0.000,0.000,0.000,0.000,29.000,2.000,2024.000,11.000,3.000,2.000
105.000,417.522,1007.159,13.900,1.222,978.536,40.014,452334.991,0.000,0.000,0.000,0.000,0.006,-0.005,122.983,0.000,0.038,13.083,24.118,0.000,51.460,123.052,38.461,0.033,11.491,24.199,0.835,51.663,0.000,0.000,0.000,0.000,0.000,0.000,0.000,29.000,2.000,2024.000,11.000,3.000,3.000
105.000,417.522,1007.159,13.900,1.222,978.536,40.014,452334.991,0.000,0.000,0.000,0.000,0.006,-0.005,123.049,0.000,0.037,11.502,24.114,0.000,51.558,123.036,39.428,0.075,10.095,24.193,0.409,51.733,0.000,0.000,0.000,0.000,0.000,0.000,0.000,29.000,2.000,2024.000,11.000,3.000,3.000
105.000,417.539,1007.156,13.900,1.222,978.576,40.015,452343.597,0.000,0.000,0.000,0.000,0.006,-0.005,122.997,0.000,0.057,10.498,24.114,0.000,51.516,123.026,40.012,0.053,9.544,24.193,0.622,51.558,0.000,0.000,0.000,0.000,0.000,0.000,0.000,29.000,2.000,2024.000,11.000,3.000,3.000
105.000,417.539,1007.156,13.900,1.222,978.576,40.015,452343.597,0.000,0.000,0.000,0.000,0.006,-0.005,122.984,0.000,0.054,9.397,24.127,0.000,51.551,123.013,40.531,0.038,10.280,24.210,0.341,51.666,0.000,0.000,0.000,0.000,0.000,0.000,0.000,29.000,2.000,2024.000,11.000,3.000,3.000
105.000,417.562,1007.156,13.900,1.222,978.630,40.016,452356.151,0.000,0.000,0.000,0.000,0.006,-0.005,123.009,0.000,0.042,10.820,24.127,0.000,51.617,123.089,43.082,0.036,9.604,24.210,1.010,51.628,0.000,0.000,0.000,0.000,0.000,0.000,0.000,29.000,2.000,2024.000,11.000,3.000,3.000
105.000,417.562,1007.156,13.900,1.222,978.630,40.016,452356.151,0.000,0.000,0.000,0.000,0.006,-0.005,123.016,0.000,0.036,11.840,24.101,0.000,51.575,123.057,45.282,0.037,9.533,24.183,0.714,51.663,0.000,0.000,0.000,0.000,0.000,0.000,0.000,29.000,2.000,2024.000,11.000,3.000,3.000
105.000,417.571,1007.154,13.900,1.222,978.652,40.017,452360.615,0.000,0.000,0.000,0.000,0.006,-0.005,123.067,0.000,0.059,10.662,24.098,0.000,51.498,123.017,45.390,0.055,10.177,24.181,0.705,51.771,0.000,0.000,0.000,0.000,0.000,0.000,0.000,29.000,2.000,2024.000,11.000,3.000,3.000
105.000,417.571,1007.154,13.900,1.222,978.652,40.017,452360.615,0.000,0.000,0.000,0.000,0.006,-0.005,123.065,0.000,0.053,10.760,24.118,0.000,51.544,123.002,43.333,0.045,9.588,24.218,1.054,51.712,0.000,0.000,0.000,0.000,0.000,0.000,0.000,29.000,2.000,2024.000,11.000,3.000,3.000
105.000,417.581,1007.155,13.900,1.222,978.675,40.017,452366.298,0.000,0.000,0.000,0.000,0.006,-0.005,123.049,0.000,0.051,11.175,24.123,0.000,51.509,123.019,40.574,0.035,10.133,24.227,0.561,51.656,0.000,0.000,0.000,0.000,0.000,0.000,0.000,29.000,2.000,2024.000,11.000,3.000,3.000
105.000,417.581,1007.155,13.900,1.222,978.675,40.017,452366.298,0.000,0.000,0.000,0.000,0.006,-0.005,123.021,0.000,0.044,10.040,24.127,0.000,51.603,123.008,40.671,0.039,11.207,24.229,0.210,51.680,0.000,0.000,0.000,0.000,0.000,0.000,0.000,29.000,2.000,2024.000,11.000,3.000,3.000
105.000,417.581,1007.155,13.900,1.222,978.675,40.017,452366.298,0.000,0.000,0.000,0.000,0.006,-0.005,123.039,0.000,0.061,10.651,24.129,0.000,51.526,122.997,39.194,0.037,12.020,24.230,0.698,51.677,0.000,0.000,0.000,0.000,0.000,0.000,0.000,29.000,2.000,2024.000,11.000,3.000,4.000
105.000,417.571,1007.153,13.900,1.222,978.652,40.017,452360.390,0.000,0.000,0.000,0.000,0.006,-0.005,122.999,0.000,0.036,9.626,24.124,0.000,51.600,123.055,39.406,0.064,13.541,24.215,0.654,51.586,0.000,0.000,0.000,0.000,0.000,0.000,0.000,29.000,2.000,2024.000,11.000,3.000,4.000
105.000,417.571,1007.153,13.900,1.222,978.652,40.017,452360.390,0.000,0.000,0.000,0.000,0.006,-0.005,123.017,0.000,0.013,9.364,24.120,0.000,51.554,123.043,40.919,0.049,15.739,24.204,0.543,51.656,0.000,0.000,0.000,0.000,0.000,0.000,0.000,29.000,2.000,2024.000,11.000,3.000,4.000
105.000,417.580,1007.152,13.900,1.222,978.673,40.017,452365.078,0.000,0.000,0.000,0.000,0.006,-0.005,123.053,0.000,0.039,10.253,24.128,0.000,51.551,123.018,41.427,0.047,12.265,24.223,0.469,51.659,0.000,0.000,0.000,0.000,0.000,0.000,0.000,29.000,2.000,2024.000,11.000,3.000,4.000
105.000,417.580,1007.152,13.900,1.222,978.673,40.017,452365.078,0.000,0.000,0.000,0.000,0.006,-0.005,122.999,0.000,0.080,9.975,24.135,0.000,51.540,123.020,40.518,0.035,16.546,24.243,0.410,51.666,0.000,0.000,0.000,0.000,0.000,0.000,0.000,29.000,2.000,2024.000,11.000,3.000,4.000
105.000,417.584,1007.151,13.900,1.222,978.682,40.017,452367.037,0.000,0.000,0.000,0.000,0.006,-0.005,123.058,0.000,0.078,11.464,24.132,0.000,51.635,123.079,40.648,0.078,17.626,24.253,0.778,51.712,0.000,0.000,0.000,0.000,0.000,0.000,0.000,29.000,2.000,2024.000,11.000,3.000,4.000
105.000,417.584,1007.151,13.900,1.222,978.682,40.017,452367.037,0.000,0.000,0.000,0.000,0.006,-0.005,122.994,0.000,0.053,13.072,24.128,0.000,51.491,123.020,42.246,0.054,12.931,24.268,0.303,51.677,0.000,0.000,0.000,0.000,0.000,0.000,0.000,29.000,2.000,2024.000,11.000,3.000,4.000
105.000,417.588,1007.149,13.900,1.222,978.692,40.018,452368.771,0.000,0.000,0.000,0.000,0.006,-0.005,122.996,0.000,0.044,14.278,24.131,0.000,51.547,123.003,43.423,0.055,17.299,24.267,0.373,51.670,0.000,0.000,0.000,0.000,0.000,0.000,0.000,29.000,2.000,2024.000,11.000,3.000,4.000
