47.000,105.266,1007.485,13.620,1.224,245.574,20.032,226921.001,0.000,0.000,0.000,0.000,14.001,0.000,61.491,0.000,0.047,1.162,18.855,0.000,48.155,61.512,-27.759,0.040,1.849,19.701,0.430,49.955,0.000,0.000,0.000,0.000,0.000,0.000,0.000,29.000,2.000,2024.000,10.000,7.000,3.000
47.000,105.266,1007.485,13.620,1.224,245.574,20.032,226921.001,0.000,0.000,0.000,0.000,14.001,0.000,61.571,0.000,0.020,0.780,18.855,0.000,48.029,61.444,-30.623,0.060,1.712,19.701,1.295,50.028,0.000,0.000,0.000,0.000,0.000,0.000,0.000,29.000,2.000,2024.000,10.000,7.000,3.000
47.000,105.275,1007.486,13.620,1.224,245.595,20.033,226930.813,0.000,0.000,0.000,0.000,14.001,0.000,61.491,0.000,0.038,1.129,18.849,0.000,48.050,61.428,-34.580,0.068,3.032,19.729,0.760,49.996,0.000,0.000,0.000,0.000,0.000,0.000,0.000,29.000,2.000,2024.000,10.000,7.000,3.000
47.000,105.275,1007.486,13.620,1.224,245.595,20.033,226930.813,0.000,0.000,0.000,0.000,14.001,0.000,61.462,0.000,0.013,1.096,18.849,0.000,48.085,61.460,-34.969,0.046,2.258,19.729,0.173,50.000,0.000,0.000,0.000,0.000,0.000,0.000,0.000,29.000,2.000,2024.000,10.000,7.000,3.000
47.000,105.275,1007.486,13.620,1.224,245.595,20.033,226930.813,0.000,0.000,0.000,0.000,14.001,0.000,61.528,0.000,0.032,1.440,18.849,0.000,48.054,61.401,-37.310,0.036,2.438,19.707,1.569,50.028,0.000,0.000,0.000,0.000,0.000,0.000,0.000,29.000,2.000,2024.000,10.000,7.000,3.000
47.000,105.276,1007.485,13.620,1.224,245.597,20.033,226931.779,0.000,0.000,0.000,0.000,14.001,0.000,61.504,0.000,0.024,1.309,18.849,0.000,48.096,61.496,-39.220,0.042,1.881,19.705,0.306,50.011,0.000,0.000,0.000,0.000,0.000,0.000,0.000,29.000,2.000,2024.000,10.000,7.000,3.000
47.000,105.276,1007.485,13.620,1.224,245.597,20.033,226931.779,0.000,0.000,0.000,0.000,14.001,0.000,61.560,0.000,0.056,1.751,18.846,0.000,48.054,61.525,-40.138,0.018,1.549,19.701,0.383,49.968,0.000,0.000,0.000,0.000,0.000,0.000,0.000,29.000,2.000,2024.000,10.000,7.000,3.000
47.000,105.268,1007.484,13.600,1.224,245.578,20.032,226943.271,0.000,0.000,0.000,0.000,14.001,0.000,61.569,0.000,0.048,1.832,18.846,0.000,48.001,61.596,-41.109,0.045,1.800,19.700,0.577,49.951,0.000,0.000,0.000,0.000,0.000,0.000,0.000,29.000,2.000,2024.000,10.000,7.000,3.000
47.000,105.268,1007.484,13.600,1.224,245.578,20.032,226943.271,0.000,0.000,0.000,0.000,14.001,0.000,61.490,0.000,0.047,1.527,18.835,0.000,48.019,61.476,-40.553,0.030,2.661,19.695,0.143,49.962,0.000,0.000,0.000,0.000,0.000,0.000,0.000,29.000,2.000,2024.000,10.000,7.000,3.000
47.000,105.275,1007.484,13.600,1.224,245.595,20.033,226950.816,0.000,0.000,0.000,0.000,14.001,0.000,61.531,0.000,0.037,1.952,18.830,0.000,48.096,61.409,-42.385,0.026,1.222,19.693,1.356,50.004,0.000,0.000,0.000,0.000,0.000,0.000,0.000,29.000,2.000,2024.000,10.000,7.000,4.000
47.000,105.275,1007.484,13.600,1.224,245.595,20.033,226950.816,0.000,0.000,0.000,0.000,14.001,0.000,61.546,0.000,0.023,2.132,18.832,0.000,48.057,61.463,-46.164,0.060,1.091,19.697,0.845,49.930,0.000,0.000,0.000,0.000,0.000,0.000,0.000,29.000,2.000,2024.000,10.000,7.000,4.000
47.000,105.294,1007.481,13.600,1.224,245.639,20.034,226970.957,0.000,0.000,0.000,0.000,14.001,0.000,61.520,0.000,0.043,2.023,18.833,0.000,48.050,61.428,-49.621,0.033,0.933,19.699,0.980,49.979,0.000,0.000,0.000,0.000,0.000,0.000,0.000,29.000,2.000,2024.000,10.000,7.000,4.000
47.000,105.294,1007.481,13.600,1.224,245.639,20.034,226970.957,0.000,0.000,0.000,0.000,14.001,0.000,61.486,0.000,0.006,2.427,18.839,0.000,48.120,61.467,-51.547,0.038,1.042,19.704,0.312,49.993,0.000,0.000,0.000,0.000,0.000,0.000,0.000,29.000,2.000,2024.000,10.000,7.000,4.000
47.000,105.301,1007.481,13.600,1.224,245.655,20.035,226978.501,0.000,0.000,0.000,0.000,14.001,0.000,61.465,0.000,0.037,2.569,18.846,0.000,48.071,61.553,-50.120,0.009,1.243,19.708,1.066,49.955,0.000,0.000,0.000,0.000,0.000,0.000,0.000,29.000,2.000,2024.000,10.000,7.000,4.000
47.000,105.301,1007.481,13.600,1.224,245.655,20.035,226978.501,0.000,0.000,0.000,0.000,14.001,0.000,61.533,0.000,0.035,3.119,18.850,0.000,48.078,61.593,-47.416,0.018,1.080,19.701,0.745,49.923,0.000,0.000,0.000,0.000,0.000,0.000,0.000,29.000,2.000,2024.000,10.000,7.000,4.000
47.000,105.301,1007.481,13.600,1.224,245.655,20.035,226978.501,0.000,0.000,0.000,0.000,14.001,0.000,61.571,0.000,0.026,3.158,18.856,0.000,48.057,61.565,-46.599,0.052,1.402,19.690,0.093,50.000,0.000,0.000,0.000,0.000,0.000,0.000,0.000,29.000,2.000,2024.000,10.000,7.000,4.000
47.000,105.300,1007.482,13.600,1.224,245.653,20.035,226977.536,0.000,0.000,0.000,0.000,14.001,0.000,61.573,0.000,0.011,3.158,18.849,0.000,48.033,61.568,-46.810,0.039,1.069,19.694,0.072,49.934,0.000,0.000,0.000,0.000,0.000,0.000,0.000,29.000,2.000,2024.000,10.000,7.000,4.000
47.000,105.300,1007.482,13.600,1.224,245.653,20.035,226977.536,0.000,0.000,0.000,0.000,14.001,0.000,61.540,0.000,0.034,2.972,18.832,0.000,48.005,61.547,-46.695,0.051,1.058,19.703,0.159,49.996,0.000,0.000,0.000,0.000,0.000,0.000,0.000,29.000,2.000,2024.000,10.000,7.000,4.000
47.000,105.304,1007.480,13.600,1.224,245.662,20.035,226981.622,0.000,0.000,0.000,0.000,14.001,0.000,61.480,0.000,0.060,2.241,18.838,0.000,48.064,61.450,-47.471,0.031,1.287,19.699,0.548,50.035,0.000,0.000,0.000,0.000,0.000,0.000,0.000,29.000,2.000,2024.000,10.000,7.000,4.000
47.000,105.304,1007.480,13.600,1.224,245.662,20.035,226981.622,0.000,0.000,0.000,0.000,14.001,0.000,61.529,0.000,0.052,1.838,18.858,0.000,48.110,61.434,-49.062,0.041,1.478,19.685,1.271,50.066,0.000,0.000,0.000,0.000,0.000,0.000,0.000,29.000,2.000,2024.000,10.000,7.000,5.000
47.000,105.318,1007.482,13.600,1.224,245.695,20.037,226996.935,0.000,0.000,0.000,0.000,14.001,0.000,61.522,0.000,0.033,2.498,18.857,0.000,48.043,61.448,-52.519,0.039,1.200,19.688,0.761,50.045,0.000,0.000,0.000,0.000,0.000,0.000,0.000,29.000,2.000,2024.000,10.000,7.000,5.000
47.000,105.318,1007.482,13.600,1.224,245.695,20.037,226996.935,0.000,0.000,0.000,0.000,14.001,0.000,61.496,0.000,0.043,2.323,18.846,0.000,48.040,61.447,-55.235,0.042,1.211,19.719,0.726,50.045,0.000,0.000,0.000,0.000,0.000,0.000,0.000,29.000,2.000,2024.000,10.000,7.000,5.000
47.000,105.322,1007.481,13.600,1.224,245.704,20.037,227001.133,0.000,0.000,0.000,0.000,14.001,0.000,61.448,0.000,0.036,1.571,18.846,0.000,48.127,61.441,-55.202,0.024,1.173,19.719,0.186,50.035,0.000,0.000,0.000,0.000,0.000,0.000,0.000,29.000,2.000,2024.000,10.000,7.000,5.000
47.000,105.322,1007.481,13.600,1.224,245.704,20.037,227001.133,0.000,0.000,0.000,0.000,14.001,0.000,61.508,0.000,0.020,1.396,18.828,0.000,48.085,61.414,-57.237,0.050,1.009,19.710,0.925,50.074,0.000,0.000,0.000,0.000,0.000,0.000,0.000,29.000,2.000,2024.000,10.000,7.000,5.000
47.000,105.337,1007.481,13.600,1.224,245.739,20.039,227017.297,0.000,0.000,0.000,0.000,14.001,0.000,61.505,0.000,0.034,1.549,18.828,0.000,48.064,61.500,-59.248,0.038,1.047,19.710,0.166,50.042,0.000,0.000,0.000,0.000,0.000,0.000,0.000,29.000,2.000,2024.000,10.000,7.000,5.000
47.000,105.337,1007.481,13.600,1.224,245.739,20.039,227017.297,0.000,0.000,0.000,0.000,14.001,0.000,61.527,0.000,0.038,0.993,18.847,0.000,48.040,61.569,-57.702,0.047,0.987,19.701,0.595,50.011,0.000,0.000,0.000,0.000,0.000,0.000,0.000,29.000,2.000,2024.000,10.000,7.000,5.000
47.000,105.344,1007.479,13.600,1.224,245.756,20.039,227024.614,0.000,0.000,0.000,0.000,14.001,0.000,61.566,0.000,0.010,0.949,18.849,0.000,48.040,61.583,-57.613,0.030,1.047,19.700,0.286,49.934,0.000,0.000,0.000,0.000,0.000,0.000,0.000,29.000,2.000,2024.000,10.000,7.000,5.000
47.000,105.344,1007.479,13.600,1.224,245.756,20.039,227024.614,0.000,0.000,0.000,0.000,14.001,0.000,61.438,0.000,0.059,0.965,18.839,0.000,48.127,61.564,-55.006,0.061,1.020,19.672,1.396,49.923,0.000,0.000,0.000,0.000,0.000,0.000,0.000,29.000,2.000,2024.000,10.000,7.000,5.000
47.000,105.344,1007.479,13.600,1.224,245.756,20.039,227024.614,0.000,0.000,0.000,0.000,14.001,0.000,61.538,0.000,0.051,1.014,18.836,0.000,48.071,61.549,-51.944,0.035,0.998,19.665,0.271,49.955,0.000,0.000,0.000,0.000,0.000,0.000,0.000,29.000,2.000,2024.000,10.000,7.000,5.000
47.000,105.346,1007.479,13.600,1.224,245.760,20.039,227026.769,0.000,0.000,0.000,0.000,14.001,0.000,61.534,0.000,0.029,1.129,18.839,0.000,48.054,61.440,-52.821,0.081,1.527,19.693,1.076,50.105,0.000,0.000,0.000,0.000,0.000,0.000,0.000,29.000,2.000,2024.000,10.000,7.000,6.000
47.000,105.346,1007.479,13.600,1.224,245.760,20.039,227026.769,0.000,0.000,0.000,0.000,14.001,0.000,61.547,0.000,0.042,1.222,18.841,0.000,48.064,61.478,-57.105,0.068,1.167,19.705,0.649,49.937,0.000,0.000,0.000,0.000,0.000,0.000,0.000,29.000,2.000,2024.000,10.000,7.000,6.000
47.000,105.347,1007.480,13.600,1.224,245.763,20.040,227027.960,0.000,0.000,0.000,0.000,14.001,0.000,61.528,0.000,0.013,2.416,18.839,0.000,48.082,61.421,-59.604,0.024,1.249,19.709,1.151,50.081,0.000,0.000,0.000,0.000,0.000,0.000,0.000,29.000,2.000,2024.000,10.000,7.000,6.000
47.000,105.347,1007.480,13.600,1.224,245.763,20.040,227027.960,0.000,0.000,0.000,0.000,14.001,0.000,61.539,0.000,0.025,1.336,18.838,0.000,48.061,61.451,-63.943,0.074,1.113,19.713,1.207,50.056,0.000,0.000,0.000,0.000,0.000,0.000,0.000,29.000,2.000,2024.000,10.000,7.000,6.000
47.000,105.352,1007.479,13.600,1.224,245.774,20.040,227033.234,0.000,0.000,0.000,0.000,14.001,0.000,61.583,0.000,0.047,2.051,18.843,0.000,48.057,61.674,-63.153,0.049,0.993,19.697,0.962,49.975,0.000,0.000,0.000,0.000,0.000,0.000,0.000,29.000,2.000,2024.000,10.000,7.000,6.000
47.000,105.352,1007.479,13.600,1.224,245.774,20.040,227033.234,0.000,0.000,0.000,0.000,14.001,0.000,61.556,0.000,0.029,2.356,18.848,0.000,48.001,61.653,-59.727,0.026,1.102,19.682,1.196,49.937,0.000,0.000,0.000,0.000,0.000,0.000,0.000,29.000,2.000,2024.000,10.000,7.000,6.000
47.000,105.351,1007.479,13.580,1.224,245.772,20.039,227052.395,0.000,0.000,0.000,0.000,14.001,0.000,61.585,0.000,0.013,1.325,18.846,0.000,48.071,61.556,-58.590,0.021,1.085,19.694,0.256,50.007,0.000,0.000,0.000,0.000,0.000,0.000,0.000,29.000,2.000,2024.000,10.000,7.000,6.000
47.000,105.351,1007.479,13.580,1.224,245.772,20.039,227052.395,0.000,0.000,0.000,0.000,14.001,0.000,61.568,0.000,0.029,1.145,18.843,0.000,47.973,61.474,-60.887,0.022,1.140,19.711,1.149,50.028,0.000,0.000,0.000,0.000,0.000,0.000,0.000,29.000,2.000,2024.000,10.000,7.000,6.000
47.000,105.353,1007.480,13.580,1.224,245.777,20.039,227054.663,0.000,0.000,0.000,0.000,14.001,0.000,61.504,0.000,0.019,2.476,18.838,0.000,48.050,61.550,-61.313,0.044,1.767,19.699,0.633,50.007,0.000,0.000,0.000,0.000,0.000,0.000,0.000,29.000,2.000,2024.000,10.000,7.000,6.000
47.000,105.353,1007.480,13.580,1.224,245.777,20.039,227054.663,0.000,0.000,0.000,0.000,14.001,0.000,61.545,0.000,0.033,1.063,18.827,0.000,47.994,61.488,-62.010,0.038,1.996,19.670,0.804,50.035,0.000,0.000,0.000,0.000,0.000,0.000,0.000,29.000,2.000,2024.000,10.000,7.000,6.000
47.000,105.358,1007.478,13.580,1.224,245.788,20.040,227059.826,0.000,0.000,0.000,0.000,14.001,0.000,61.472,0.000,0.065,1.069,18.828,0.000,48.103,61.598,-60.235,0.061,1.472,19.678,1.279,49.944,0.000,0.000,0.000,0.000,0.000,0.000,0.000,29.000,2.000,2024.000,10.000,7.000,7.000
47.000,105.358,1007.478,13.580,1.224,245.788,20.040,227059.826,0.000,0.000,0.000,0.000,14.001,0.000,61.530,0.000,0.017,1.134,18.830,0.000,48.043,61.682,-55.576,0.045,1.527,19.712,1.583,49.941,0.000,0.000,0.000,0.000,0.000,0.000,0.000,29.000,2.000,2024.000,10.000,7.000,7.000
47.000,105.358,1007.478,13.580,1.224,245.788,20.040,227059.826,0.000,0.000,0.000,0.000,14.001,0.000,61.553,0.000,0.045,1.004,18.831,0.000,47.998,61.647,-50.722,0.028,2.907,19.709,1.082,49.916,0.000,0.000,0.000,0.000,0.000,0.000,0.000,29.000,2.000,2024.000,10.000,7.000,7.000
47.000,105.363,1007.480,13.580,1.224,245.800,20.040,227065.439,0.000,0.000,0.000,0.000,14.001,0.000,61.593,0.000,0.022,1.123,18.836,0.000,47.991,61.646,-48.395,0.048,1.712,19.686,0.736,49.885,0.000,0.000,0.000,0.000,0.000,0.000,0.000,29.000,2.000,2024.000,10.000,7.000,7.000
47.000,105.363,1007.480,13.580,1.224,245.800,20.040,227065.439,0.000,0.000,0.000,0.000,14.001,0.000,61.493,0.000,0.036,1.320,18.836,0.000,48.015,61.481,-47.420,0.065,1.963,19.686,0.284,49.965,0.000,0.000,0.000,0.000,0.000,0.000,0.000,29.000,2.000,2024.000,10.000,7.000,7.000
47.000,105.354,1007.479,13.580,1.224,245.779,20.040,227055.628,0.000,0.000,0.000,0.000,14.001,0.000,61.452,0.000,0.026,1.227,18.830,0.000,48.061,61.451,-48.109,0.032,1.560,19.677,0.186,49.979,0.000,0.000,0.000,0.000,0.000,0.000,0.000,29.000,2.000,2024.000,10.000,7.000,7.000
47.000,105.354,1007.479,13.580,1.224,245.779,20.040,227055.628,0.000,0.000,0.000,0.000,14.001,0.000,61.471,0.000,0.038,1.571,18.830,0.000,48.064,61.425,-47.844,0.050,1.042,19.677,0.634,49.986,0.000,0.000,0.000,0.000,0.000,0.000,0.000,29.000,2.000,2024.000,10.000,7.000,7.000
47.000,105.342,1007.480,13.580,1.224,245.751,20.038,227042.809,0.000,0.000,0.000,0.000,14.001,0.000,61.560,0.000,0.045,1.963,18.822,0.000,48.075,61.462,-51.076,0.038,1.254,19.666,0.913,50.021,0.000,0.000,0.000,0.000,0.000,0.000,0.000,29.000,2.000,2024.000,10.000,7.000,7.000
47.000,105.342,1007.480,13.580,1.224,245.751,20.038,227042.809,0.000,0.000,0.000,0.000,14.001,0.000,61.512,0.000,0.024,2.187,18.821,0.000,48.050,61.430,-54.619,0.030,1.031,19.665,0.863,50.053,0.000,0.000,0.000,0.000,0.000,0.000,0.000,29.000,2.000,2024.000,10.000,7.000,7.000
47.000,105.339,1007.480,13.580,1.224,245.744,20.038,227039.577,0.000,0.000,0.000,0.000,14.001,0.000,61.496,0.000,0.030,2.525,18.818,0.000,48.071,61.462,-56.256,0.042,1.407,19.676,0.293,50.056,0.000,0.000,0.000,0.000,0.000,0.000,0.000,29.000,2.000,2024.000,10.000,7.000,7.000
47.000,105.339,1007.480,13.580,1.224,245.744,20.038,227039.577,0.000,0.000,0.000,0.000,14.001,0.000,61.553,0.000,0.018,2.280,18.817,0.000,48.012,61.430,-58.981,0.055,1.287,19.679,1.204,50.032,0.000,0.000,0.000,0.000,0.000,0.000,0.000,29.000,2.000,2024.000,10.000,7.000,8.000
47.000,105.326,1007.482,13.580,1.224,245.714,20.037,227025.792,0.000,0.000,0.000,0.000,14.001,0.000,61.439,0.000,0.051,2.776,18.829,0.000,48.085,61.430,-62.492,0.051,1.413,19.683,0.527,50.049,0.000,0.000,0.000,0.000,0.000,0.000,0.000,29.000,2.000,2024.000,10.000,7.000,8.000
47.000,105.326,1007.482,13.580,1.224,245.714,20.037,227025.792,0.000,0.000,0.000,0.000,14.001,0.000,61.447,0.000,0.053,3.272,18.834,0.000,48.141,61.562,-59.233,0.021,1.320,19.685,1.212,49.979,0.000,0.000,0.000,0.000,0.000,0.000,0.000,29.000,2.000,2024.000,10.000,7.000,8.000
47.000,105.326,1007.484,13.580,1.224,245.714,20.037,227026.017,0.000,0.000,0.000,0.000,14.001,0.000,61.490,0.000,0.030,2.340,18.824,0.000,48.110,61.483,-57.072,0.051,1.429,19.677,0.296,50.056,0.000,0.000,0.000,0.000,0.000,0.000,0.000,29.000,2.000,2024.000,10.000,7.000,8.000
47.000,105.326,1007.484,13.580,1.224,245.714,20.037,227026.017,0.000,0.000,0.000,0.000,14.001,0.000,61.537,0.000,0.047,2.874,18.816,0.000,48.061,61.428,-60.239,0.045,1.194,19.671,1.413,50.108,0.000,0.000,0.000,0.000,0.000,0.000,0.000,29.000,2.000,2024.000,10.000,7.000,8.000
47.000,105.326,1007.484,13.580,1.224,245.714,20.037,227026.017,0.000,0.000,0.000,0.000,14.001,0.000,61.491,0.000,0.037,3.256,18.815,0.000,48.117,61.451,-62.110,0.046,1.173,19.674,0.553,50.049,0.000,0.000,0.000,0.000,0.000,0.000,0.000,29.000,2.000,2024.000,10.000,7.000,8.000
47.000,105.323,1007.485,13.580,1.224,245.707,20.036,227022.897,0.000,0.000,0.000,0.000,14.001,0.000,61.454,0.000,0.038,2.094,18.814,0.000,48.026,61.405,-64.125,0.024,1.085,19.677,0.592,50.094,0.000,0.000,0.000,0.000,0.000,0.000,0.000,29.000,2.000,2024.000,10.000,7.000,8.000
47.000,105.323,1007.485,13.580,1.224,245.707,20.036,227022.897,0.000,0.000,0.000,0.000,14.001,0.000,61.530,0.000,0.039,1.783,18.819,0.000,48.120,61.468,-65.364,0.071,1.036,19.685,0.726,50.007,0.000,0.000,0.000,0.000,0.000,0.000,0.000,29.000,2.000,2024.000,10.000,7.000,8.000
47.000,105.331,1007.486,13.580,1.224,245.725,20.037,227031.631,0.000,0.000,0.000,0.000,14.001,0.000,61.453,0.000,0.032,1.385,18.825,0.000,48.036,61.448,-67.642,0.045,1.031,19.696,0.256,50.119,0.000,0.000,0.000,0.000,0.000,0.000,0.000,29.000,2.000,2024.000,10.000,7.000,8.000
47.000,105.331,1007.486,13.580,1.224,245.725,20.037,227031.631,0.000,0.000,0.000,0.000,14.001,0.000,61.559,0.000,0.060,1.232,18.824,0.000,48.068,61.512,-66.902,0.070,1.014,19.693,0.698,50.098,0.000,0.000,0.000,0.000,0.000,0.000,0.000,29.000,2.000,2024.000,10.000,7.000,8.000
47.000,105.343,1007.488,13.580,1.224,245.753,20.038,227044.789,0.000,0.000,0.000,0.000,14.001,0.000,61.566,0.000,0.066,1.593,18.822,0.000,48.054,61.450,-71.708,0.023,1.407,19.685,1.285,50.066,0.000,0.000,0.000,0.000,0.000,0.000,0.000,29.000,2.000,2024.000,10.000,7.000,9.000
47.000,105.343,1007.488,13.580,1.224,245.753,20.038,227044.789,0.000,0.000,0.000,0.000,14.001,0.000,61.503,0.000,0.028,0.998,18.824,0.000,48.082,61.445,-74.112,0.050,1.249,19.686,0.683,50.038,0.000,0.000,0.000,0.000,0.000,0.000,0.000,29.000,2.000,2024.000,10.000,7.000,9.000
47.000,105.335,1007.490,13.580,1.224,245.735,20.038,227036.393,0.000,0.000,0.000,0.000,14.001,0.000,61.505,0.000,0.029,1.194,18.834,0.000,48.068,61.614,-74.011,0.071,1.254,19.689,1.421,49.937,0.000,0.000,0.000,0.000,0.000,0.000,0.000,29.000,2.000,2024.000,10.000,7.000,9.000
47.000,105.335,1007.490,13.580,1.224,245.735,20.038,227036.393,0.000,0.000,0.000,0.000,14.001,0.000,61.586,0.000,0.077,0.944,18.833,0.000,48.113,61.680,-68.778,0.025,1.271,19.687,0.957,49.947,0.000,0.000,0.000,0.000,0.000,0.000,0.000,29.000,2.000,2024.000,10.000,7.000,9.000
47.000,105.327,1007.491,13.580,1.224,245.716,20.037,227027.884,0.000,0.000,0.000,0.000,14.001,0.000,61.584,0.000,0.020,0.938,18.826,0.000,48.047,61.677,-65.803,0.037,1.053,19.663,1.068,49.930,0.000,0.000,0.000,0.000,0.000,0.000,0.000,29.000,2.000,2024.000,10.000,7.000,9.000
47.000,105.327,1007.491,13.580,1.224,245.716,20.037,227027.884,0.000,0.000,0.000,0.000,14.001,0.000,61.515,0.000,0.054,1.031,18.826,0.000,48.050,61.471,-64.644,0.092,0.949,19.663,0.605,50.077,0.000,0.000,0.000,0.000,0.000,0.000,0.000,29.000,2.000,2024.000,10.000,7.000,9.000
47.000,105.326,1007.491,13.580,1.224,245.714,20.037,227026.806,0.000,0.000,0.000,0.000,14.001,0.000,61.524,0.000,0.023,1.025,18.825,0.000,48.096,61.440,-67.389,0.034,1.609,19.662,0.952,50.091,0.000,0.000,0.000,0.000,0.000,0.000,0.000,29.000,2.000,2024.000,10.000,7.000,9.000
47.000,105.326,1007.491,13.580,1.224,245.714,20.037,227026.806,0.000,0.000,0.000,0.000,14.001,0.000,61.539,0.000,0.038,1.156,18.825,0.000,48.047,61.559,-69.268,0.060,1.658,19.662,0.511,50.049,0.000,0.000,0.000,0.000,0.000,0.000,0.000,29.000,2.000,2024.000,10.000,7.000,9.000
47.000,105.326,1007.491,13.580,1.224,245.714,20.037,227026.806,0.000,0.000,0.000,0.000,14.001,0.000,61.540,0.000,0.040,1.249,18.796,0.000,48.050,61.625,-66.529,0.031,1.287,19.671,0.942,49.993,0.000,0.000,0.000,0.000,0.000,0.000,0.000,29.000,2.000,2024.000,10.000,7.000,9.000
47.000,105.316,1007.492,13.580,1.224,245.690,20.036,227016.141,0.000,0.000,0.000,0.000,14.001,0.000,61.518,0.000,0.014,1.380,18.793,0.000,48.026,61.656,-62.710,0.030,1.778,19.673,1.566,49.968,0.000,0.000,0.000,0.000,0.000,0.000,0.000,29.000,2.000,2024.000,10.000,7.000,9.000
47.000,105.316,1007.492,13.580,1.224,245.690,20.036,227016.141,0.000,0.000,0.000,0.000,14.001,0.000,61.536,0.000,0.021,1.298,18.808,0.000,48.047,61.643,-58.046,0.039,1.151,19.676,1.155,49.968,0.000,0.000,0.000,0.000,0.000,0.000,0.000,29.000,2.000,2024.000,10.000,7.000,10.000
47.000,105.314,1007.492,13.580,1.224,245.686,20.036,227013.986,0.000,0.000,0.000,0.000,14.001,0.000,61.476,0.000,0.033,1.751,18.812,0.000,48.106,61.641,-53.210,0.054,1.489,19.677,1.993,49.944,0.000,0.000,0.000,0.000,0.000,0.000,0.000,29.000,2.000,2024.000,10.000,7.000,10.000
47.000,105.314,1007.492,13.580,1.224,245.686,20.036,227013.986,0.000,0.000,0.000,0.000,14.001,0.000,61.562,0.000,0.024,1.505,18.827,0.000,48.005,61.560,-49.571,0.072,1.145,19.665,0.369,49.983,0.000,0.000,0.000,0.000,0.000,0.000,0.000,29.000,2.000,2024.000,10.000,7.000,10.000
47.000,105.308,1007.492,13.580,1.224,245.672,20.035,227007.519,0.000,0.000,0.000,0.000,14.001,0.000,61.526,0.000,0.011,1.821,18.833,0.000,48.050,61.444,-51.500,0.044,1.336,19.660,0.942,50.066,0.000,0.000,0.000,0.000,0.000,0.000,0.000,29.000,2.000,2024.000,10.000,7.000,10.000
47.000,105.308,1007.492,13.580,1.224,245.672,20.035,227007.519,0.000,0.000,0.000,0.000,14.001,0.000,61.536,0.000,0.025,1.363,18.817,0.000,48.019,61.497,-54.567,0.066,0.944,19.664,0.467,49.951,0.000,0.000,0.000,0.000,0.000,0.000,0.000,29.000,2.000,2024.000,10.000,7.000,10.000
47.000,105.298,1007.492,13.580,1.224,245.648,20.034,226996.740,0.000,0.000,0.000,0.000,14.001,0.000,61.499,0.000,0.040,1.102,18.806,0.000,48.054,61.568,-53.690,0.043,0.998,19.666,0.626,49.986,0.000,0.000,0.000,0.000,0.000,0.000,0.000,29.000,2.000,2024.000,10.000,7.000,10.000
47.000,105.298,1007.492,13.580,1.224,245.648,20.034,226996.740,0.000,0.000,0.000,0.000,14.001,0.000,61.535,0.000,0.051,1.069,18.812,0.000,48.117,61.523,-51.751,0.026,1.004,19.668,0.482,49.972,0.000,0.000,0.000,0.000,0.000,0.000,0.000,29.000,2.000,2024.000,10.000,7.000,10.000
47.000,105.298,1007.494,13.580,1.224,245.648,20.034,226996.966,0.000,0.000,0.000,0.000,14.001,0.000,61.497,0.000,0.037,1.004,18.818,0.000,48.033,61.571,-50.877,0.070,1.091,19.670,0.917,49.902,0.000,0.000,0.000,0.000,0.000,0.000,0.000,29.000,2.000,2024.000,10.000,7.000,10.000
47.000,105.298,1007.494,13.580,1.224,245.648,20.034,226996.966,0.000,0.000,0.000,0.000,14.001,0.000,61.482,0.000,0.007,1.238,18.811,0.000,48.138,61.561,-48.335,0.039,1.102,19.673,0.951,49.902,0.000,0.000,0.000,0.000,0.000,0.000,0.000,29.000,2.000,2024.000,10.000,7.000,10.000
47.000,105.298,1007.494,13.580,1.224,245.648,20.034,226996.966,0.000,0.000,0.000,0.000,14.001,0.000,61.468,0.000,0.036,1.156,18.800,0.000,48.071,61.523,-45.848,0.017,0.993,19.677,0.721,49.979,0.000,0.000,0.000,0.000,0.000,0.000,0.000,29.000,2.000,2024.000,10.000,7.000,10.000
47.000,105.299,1007.494,13.580,1.224,245.651,20.034,226998.044,0.000,0.000,0.000,0.000,14.001,0.000,61.550,0.000,0.030,1.429,18.807,0.000,48.082,61.497,-45.637,0.022,1.020,19.673,0.590,49.996,0.000,0.000,0.000,0.000,0.000,0.000,0.000,29.000,2.000,2024.000,10.000,7.000,11.000
47.000,105.299,1007.494,13.580,1.224,245.651,20.034,226998.044,0.000,0.000,0.000,0.000,14.001,0.000,61.486,0.000,0.025,1.189,18.825,0.000,48.012,61.429,-48.570,0.061,0.982,19.666,0.794,50.021,0.000,0.000,0.000,0.000,0.000,0.000,0.000,29.000,2.000,2024.000,10.000,7.000,11.000
47.000,105.303,1007.494,13.580,1.224,245.660,20.035,227002.355,0.000,0.000,0.000,0.000,14.001,0.000,61.521,0.000,0.042,1.391,18.822,0.000,48.054,61.419,-50.384,0.024,1.396,19.668,1.162,50.059,0.000,0.000,0.000,0.000,0.000,0.000,0.000,29.000,2.000,2024.000,10.000,7.000,11.000
47.000,105.303,1007.494,13.580,1.224,245.660,20.035,227002.355,0.000,0.000,0.000,0.000,14.001,0.000,61.450,0.000,0.020,1.647,18.810,0.000,48.099,61.454,-52.823,0.055,1.729,19.676,0.220,50.028,0.000,0.000,0.000,0.000,0.000,0.000,0.000,29.000,2.000,2024.000,10.000,7.000,11.000
47.000,105.287,1007.497,13.580,1.224,245.623,20.033,226985.447,0.000,0.000,0.000,0.000,14.001,0.000,61.467,0.000,0.038,1.325,18.810,0.000,48.096,61.466,-52.154,0.021,2.143,19.673,0.102,50.017,0.000,0.000,0.000,0.000,0.000,0.000,0.000,29.000,2.000,2024.000,10.000,7.000,11.000
47.000,105.287,1007.497,13.580,1.224,245.623,20.033,226985.447,0.000,0.000,0.000,0.000,14.001,0.000,61.495,0.000,0.060,0.949,18.813,0.000,48.047,61.532,-52.476,0.034,2.187,19.642,0.574,49.975,0.000,0.000,0.000,0.000,0.000,0.000,0.000,29.000,2.000,2024.000,10.000,7.000,11.000
47.000,105.267,1007.498,13.580,1.224,245.576,20.031,226964.000,0.000,0.000,0.000,0.000,14.001,0.000,61.543,0.000,0.063,1.189,18.813,0.000,48.134,61.580,-50.007,0.032,1.860,19.642,0.350,49.968,0.000,0.000,0.000,0.000,0.000,0.000,0.000,29.000,2.000,2024.000,10.000,7.000,11.000
47.000,105.267,1007.498,13.580,1.224,245.576,20.031,226964.000,0.000,0.000,0.000,0.000,14.001,0.000,61.602,0.000,0.016,1.085,18.793,0.000,48.015,61.596,-49.985,0.042,2.367,19.664,0.191,50.021,0.000,0.000,0.000,0.000,0.000,0.000,0.000,29.000,2.000,2024.000,10.000,7.000,11.000
47.000,105.250,1007.504,13.580,1.224,245.536,20.029,226946.348,0.000,0.000,0.000,0.000,14.001,0.000,61.484,0.000,0.036,1.025,18.793,0.000,48.026,61.588,-48.403,0.031,1.767,19.664,1.185,49.979,0.000,0.000,0.000,0.000,0.000,0.000,0.000,29.000,2.000,2024.000,10.000,7.000,11.000
47.000,105.250,1007.504,13.580,1.224,245.536,20.029,226946.348,0.000,0.000,0.000,0.000,14.001,0.000,61.452,0.000,0.031,1.123,18.805,0.000,48.106,61.586,-43.927,0.020,2.132,19.666,1.404,49.955,0.000,0.000,0.000,0.000,0.000,0.000,0.000,29.000,2.000,2024.000,10.000,7.000,11.000
47.000,105.244,1007.513,13.580,1.224,245.522,20.029,226940.893,0.000,0.000,0.000,0.000,14.001,0.000,61.495,0.000,0.105,1.314,18.806,0.000,48.134,61.581,-38.663,0.025,2.083,19.667,1.089,49.968,0.000,0.000,0.000,0.000,0.000,0.000,0.000,29.000,2.000,2024.000,10.000,7.000,12.000
47.000,105.244,1007.513,13.580,1.224,245.522,20.029,226940.893,0.000,0.000,0.000,0.000,14.001,0.000,61.574,0.000,0.021,1.134,18.809,0.000,48.012,61.623,-37.044,0.044,1.947,19.680,0.708,49.881,0.000,0.000,0.000,0.000,0.000,0.000,0.000,29.000,2.000,2024.000,10.000,7.000,12.000
47.000,105.253,1007.526,13.580,1.224,245.543,20.029,226952.061,0.000,0.000,0.000,0.000,14.001,0.000,61.586,0.000,0.023,0.944,18.809,0.000,48.005,61.537,-36.783,0.053,1.854,19.684,0.641,49.934,0.000,0.000,0.000,0.000,0.000,0.000,0.000,29.000,2.000,2024.000,10.000,7.000,12.000
47.000,105.253,1007.526,13.580,1.224,245.543,20.029,226952.061,0.000,0.000,0.000,0.000,14.001,0.000,61.559,0.000,0.029,1.053,18.817,0.000,48.089,61.538,-38.784,0.055,2.901,19.665,0.345,49.898,0.000,0.000,0.000,0.000,0.000,0.000,0.000,29.000,2.000,2024.000,10.000,7.000,12.000
47.000,105.253,1007.526,13.580,1.224,245.543,20.029,226952.061,0.000,0.000,0.000,0.000,14.001,0.000,61.540,0.000,0.026,0.900,18.820,0.000,48.043,61.527,-39.502,0.071,2.274,19.657,0.305,49.892,0.000,0.000,0.000,0.000,0.000,0.000,0.000,29.000,2.000,2024.000,10.000,7.000,12.000
47.000,105.270,1007.533,13.560,1.224,245.583,20.030,226991.411,0.000,0.000,0.000,0.000,14.001,0.000,61.521,0.000,0.019,1.178,18.826,0.000,48.040,61.636,-37.709,0.046,2.874,19.659,1.407,49.892,0.000,0.000,0.000,0.000,0.000,0.000,0.000,29.000,2.000,2024.000,10.000,7.000,12.000
47.000,105.270,1007.533,13.560,1.224,245.583,20.030,226991.411,0.000,0.000,0.000,0.000,14.001,0.000,61.494,0.000,0.046,0.960,18.830,0.000,48.029,61.591,-33.389,0.060,2.187,19.661,1.065,49.937,0.000,0.000,0.000,0.000,0.000,0.000,0.000,29.000,2.000,2024.000,10.000,7.000,12.000
47.000,105.273,1007.536,13.560,1.224,245.590,20.031,226994.983,0.000,0.000,0.000,0.000,14.001,0.000,61.398,0.000,0.036,1.456,18.822,0.000,48.155,61.493,-29.334,0.056,2.869,19.663,1.205,50.038,0.000,0.000,0.000,0.000,0.000,0.000,0.000,29.000,2.000,2024.000,10.000,7.000,12.000
47.000,105.273,1007.536,13.560,1.224,245.590,20.031,226994.983,0.000,0.000,0.000,0.000,14.001,0.000,61.501,0.000,0.014,1.254,18.813,0.000,48.050,61.425,-29.596,0.053,3.218,19.665,0.912,50.014,0.000,0.000,0.000,0.000,0.000,0.000,0.000,29.000,2.000,2024.000,10.000,7.000,12.000
47.000,105.269,1007.536,13.560,1.224,245.581,20.030,226990.671,0.000,0.000,0.000,0.000,14.001,0.000,61.470,0.000,0.041,1.871,18.809,0.000,48.078,61.522,-29.999,0.048,1.309,19.666,0.546,50.021,0.000,0.000,0.000,0.000,0.000,0.000,0.000,29.000,2.000,2024.000,10.000,7.000,12.000
47.000,105.269,1007.536,13.560,1.224,245.581,20.030,226990.671,0.000,0.000,0.000,0.000,14.001,0.000,61.522,0.000,0.029,1.107,18.803,0.000,48.078,61.538,-28.687,0.050,1.347,19.668,0.201,49.979,0.000,0.000,0.000,0.000,0.000,0.000,0.000,29.000,2.000,2024.000,10.000,7.000,13.000
