8.000,419.359,1007.860,12.760,1.228,982.875,40.009,455806.892,0.000,0.000,0.000,0.000,14.001,0.000,123.036,0.000,0.086,12.576,20.751,0.000,51.218,123.035,145.139,0.022,18.106,20.458,0.339,50.868,0.000,0.000,0.000,0.000,0.000,0.000,0.000,29.000,2.000,2024.000,9.000,9.000,6.000
8.000,419.359,1007.860,12.760,1.228,982.875,40.009,455806.892,0.000,0.000,0.000,0.000,14.001,0.000,123.213,0.000,0.138,11.164,20.767,0.000,51.197,123.077,141.695,0.040,13.514,20.447,1.440,50.784,0.000,0.000,0.000,0.000,0.000,0.000,0.000,29.000,2.000,2024.000,9.000,9.000,6.000
8.000,419.382,1007.860,12.760,1.228,982.929,40.010,455819.488,0.000,0.000,0.000,0.000,14.001,0.000,123.202,0.000,0.259,11.627,20.778,0.000,51.201,123.018,137.571,0.023,10.493,20.439,1.718,50.844,0.000,0.000,0.000,0.000,0.000,0.000,0.000,29.000,2.000,2024.000,9.000,9.000,6.000
8.000,419.382,1007.860,12.760,1.228,982.929,40.010,455819.488,0.000,0.000,0.000,0.000,14.001,0.000,123.022,0.000,0.085,10.804,20.770,0.000,50.707,122.998,133.784,0.065,10.978,20.448,0.741,50.788,0.000,0.000,0.000,0.000,0.000,0.000,0.000,29.000,2.000,2024.000,9.000,9.000,6.000
8.000,419.352,1007.860,12.760,1.228,982.858,40.009,455803.058,0.000,0.000,0.000,0.000,14.001,0.000,123.019,0.000,0.091,12.205,20.762,0.000,51.225,123.028,133.403,0.073,14.927,20.456,0.243,50.833,0.000,0.000,0.000,0.000,0.000,0.000,0.000,29.000,2.000,2024.000,9.000,9.000,6.000
8.000,419.352,1007.860,12.760,1.228,982.858,40.009,455803.058,0.000,0.000,0.000,0.000,14.001,0.000,122.886,0.000,0.070,14.512,20.767,0.000,51.197,123.028,135.308,0.066,10.324,20.460,1.849,50.907,0.000,0.000,0.000,0.000,0.000,0.000,0.000,29.000,2.000,2024.000,9.000,9.000,6.000
8.000,419.325,1007.858,12.760,1.228,982.794,40.008,455787.818,0.000,0.000,0.000,0.000,14.001,0.000,123.049,0.000,0.116,15.974,20.776,0.000,51.477,122.982,137.722,0.061,10.973,20.465,0.700,50.889,0.000,0.000,0.000,0.000,0.000,0.000,0.000,29.000,2.000,2024.000,9.000,9.000,7.000
8.000,419.325,1007.858,12.760,1.228,982.794,40.008,455787.818,0.000,0.000,0.000,0.000,14.001,0.000,123.058,0.000,0.165,13.405,20.777,0.000,51.239,122.990,133.598,0.104,10.738,20.467,1.088,50.872,0.000,0.000,0.000,0.000,0.000,0.000,0.000,29.000,2.000,2024.000,9.000,9.000,7.000
8.000,419.334,1007.857,12.760,1.228,982.816,40.008,455792.522,0.000,0.000,0.000,0.000,14.001,0.000,123.082,0.000,0.090,12.216,20.781,0.000,51.351,123.043,133.959,0.091,10.973,20.471,0.907,50.910,0.000,0.000,0.000,0.000,0.000,0.000,0.000,29.000,2.000,2024.000,9.000,9.000,7.000
8.000,419.334,1007.857,12.760,1.228,982.816,40.008,455792.522,0.000,0.000,0.000,0.000,14.001,0.000,123.023,0.000,0.129,12.358,20.787,0.000,51.509,122.967,131.167,0.048,9.980,20.476,0.874,50.921,0.000,0.000,0.000,0.000,0.000,0.000,0.000,29.000,2.000,2024.000,9.000,9.000,7.000
8.000,419.372,1007.856,12.760,1.228,982.905,40.010,455813.107,0.000,0.000,0.000,0.000,14.001,0.000,122.995,0.000,0.128,11.502,20.812,0.000,51.236,123.060,130.461,0.048,10.024,20.496,1.074,50.837,0.000,0.000,0.000,0.000,0.000,0.000,0.000,29.000,2.000,2024.000,9.000,9.000,7.000
8.000,419.372,1007.856,12.760,1.228,982.905,40.010,455813.107,0.000,0.000,0.000,0.000,14.001,0.000,123.064,0.000,0.102,14.354,20.810,0.000,51.124,123.112,132.724,0.077,9.642,20.496,0.868,50.833,0.000,0.000,0.000,0.000,0.000,0.000,0.000,29.000,2.000,2024.000,9.000,9.000,7.000
8.000,419.407,1007.857,12.760,1.228,982.988,40.012,455832.501,0.000,0.000,0.000,0.000,14.001,0.000,123.081,0.000,0.190,8.988,20.795,0.000,51.113,123.048,131.016,0.052,9.795,20.492,1.357,50.910,0.000,0.000,0.000,0.000,0.000,0.000,0.000,29.000,2.000,2024.000,9.000,9.000,7.000
8.000,419.407,1007.857,12.760,1.228,982.988,40.012,455832.501,0.000,0.000,0.000,0.000,14.001,0.000,122.976,0.000,0.127,10.357,20.795,0.000,51.334,123.083,133.343,0.103,11.120,20.492,1.082,50.928,0.000,0.000,0.000,0.000,0.000,0.000,0.000,29.000,2.000,2024.000,9.000,9.000,7.000
8.000,419.407,1007.857,12.760,1.228,982.988,40.012,455832.501,0.000,0.000,0.000,0.000,14.001,0.000,122.922,0.000,0.078,11.458,20.814,0.000,51.397,123.031,137.781,0.101,9.833,20.522,0.952,50.896,0.000,0.000,0.000,0.000,0.000,0.000,0.000,29.000,2.000,2024.000,9.000,9.000,7.000
8.000,419.429,1007.855,12.760,1.228,983.040,40.013,455844.097,0.000,0.000,0.000,0.000,14.001,0.000,122.932,0.000,0.115,11.469,20.814,0.000,51.257,123.021,142.431,0.079,11.644,20.522,1.121,50.767,0.000,0.000,0.000,0.000,0.000,0.000,0.000,29.000,2.000,2024.000,9.000,9.000,7.000
8.000,419.429,1007.855,12.760,1.228,983.040,40.013,455844.097,0.000,0.000,0.000,0.000,14.001,0.000,123.040,0.000,0.030,11.415,20.822,0.000,51.239,123.002,142.546,0.067,11.251,20.514,0.479,50.833,0.000,0.000,0.000,0.000,0.000,0.000,0.000,29.000,2.000,2024.000,9.000,9.000,8.000
8.000,419.474,1007.854,12.760,1.228,983.146,40.015,455868.513,0.000,0.000,0.000,0.000,14.001,0.000,122.932,0.000,0.041,10.597,20.823,0.000,51.257,122.989,142.109,0.045,11.965,20.513,0.782,50.889,0.000,0.000,0.000,0.000,0.000,0.000,0.000,29.000,2.000,2024.000,9.000,9.000,8.000
8.000,419.474,1007.854,12.760,1.228,983.146,40.015,455868.513,0.000,0.000,0.000,0.000,14.001,0.000,123.055,0.000,0.092,9.495,20.837,0.000,51.187,122.999,142.964,0.035,13.552,20.528,0.808,50.903,0.000,0.000,0.000,0.000,0.000,0.000,0.000,29.000,2.000,2024.000,9.000,9.000,8.000
8.000,419.492,1007.853,12.760,1.228,983.189,40.016,455878.143,0.000,0.000,0.000,0.000,14.001,0.000,123.129,0.000,0.161,10.340,20.841,0.000,51.344,123.047,140.073,0.063,13.689,20.532,0.757,50.910,0.000,0.000,0.000,0.000,0.000,0.000,0.000,29.000,2.000,2024.000,9.000,9.000,8.000
8.000,419.492,1007.853,12.760,1.228,983.189,40.016,455878.143,0.000,0.000,0.000,0.000,14.001,0.000,122.991,0.000,0.140,10.296,20.843,0.000,51.218,123.026,138.864,0.038,15.390,20.526,0.868,50.879,0.000,0.000,0.000,0.000,0.000,0.000,0.000,29.000,2.000,2024.000,9.000,9.000,8.000
8.000,419.538,1007.852,12.760,1.228,983.297,40.018,455903.105,0.000,0.000,0.000,0.000,14.001,0.000,123.124,0.000,0.100,10.253,20.844,0.000,51.078,123.090,137.840,0.074,17.795,20.524,1.003,50.830,0.000,0.000,0.000,0.000,0.000,0.000,0.000,29.000,2.000,2024.000,9.000,9.000,8.000
8.000,419.538,1007.852,12.760,1.228,983.297,40.018,455903.105,0.000,0.000,0.000,0.000,14.001,0.000,123.081,0.000,0.045,10.597,20.838,0.000,51.155,123.138,139.902,0.072,12.658,20.546,0.860,50.830,0.000,0.000,0.000,0.000,0.000,0.000,0.000,29.000,2.000,2024.000,9.000,9.000,8.000
8.000,419.547,1007.853,12.760,1.228,983.319,40.018,455908.260,0.000,0.000,0.000,0.000,14.001,0.000,123.083,0.000,0.084,11.922,20.833,0.000,51.194,123.092,140.835,0.056,11.867,20.561,0.218,50.802,0.000,0.000,0.000,0.000,0.000,0.000,0.000,29.000,2.000,2024.000,9.000,9.000,8.000
8.000,419.547,1007.853,12.760,1.228,983.319,40.018,455908.260,0.000,0.000,0.000,0.000,14.001,0.000,123.076,0.000,0.116,11.611,20.829,0.000,51.299,122.927,137.692,0.072,11.905,20.562,1.917,50.935,0.000,0.000,0.000,0.000,0.000,0.000,0.000,29.000,2.000,2024.000,9.000,9.000,8.000
8.000,419.547,1007.853,12.760,1.228,983.319,40.018,455908.260,0.000,0.000,0.000,0.000,14.001,0.000,123.069,0.000,0.097,13.356,20.824,0.000,51.246,122.978,135.007,0.075,10.504,20.563,1.271,50.984,0.000,0.000,0.000,0.000,0.000,0.000,0.000,29.000,2.000,2024.000,9.000,9.000,8.000
8.000,419.522,1007.854,12.760,1.228,983.260,40.017,455894.797,0.000,0.000,0.000,0.000,14.001,0.000,122.913,0.000,0.098,11.927,20.837,0.000,51.229,123.086,135.904,0.070,13.012,20.557,2.006,50.812,0.000,0.000,0.000,0.000,0.000,0.000,0.000,29.000,2.000,2024.000,9.000,9.000,9.000
8.000,419.522,1007.854,12.760,1.228,983.260,40.017,455894.797,0.000,0.000,0.000,0.000,14.001,0.000,123.078,0.000,0.101,10.716,20.855,0.000,51.250,123.077,138.541,0.083,11.589,20.548,0.609,50.938,0.000,0.000,0.000,0.000,0.000,0.000,0.000,29.000,2.000,2024.000,9.000,9.000,9.000
8.000,419.537,1007.853,12.760,1.228,983.295,40.018,455902.784,0.000,0.000,0.000,0.000,14.001,0.000,123.076,0.000,0.099,10.673,20.862,0.000,51.239,123.044,139.723,0.043,12.342,20.558,0.700,50.833,0.000,0.000,0.000,0.000,0.000,0.000,0.000,29.000,2.000,2024.000,9.000,9.000,9.000
8.000,419.537,1007.853,12.760,1.228,983.295,40.018,455902.784,0.000,0.000,0.000,0.000,14.001,0.000,122.960,0.000,0.202,10.646,20.876,0.000,51.194,123.014,138.222,0.097,12.778,20.581,1.125,50.816,0.000,0.000,0.000,0.000,0.000,0.000,0.000,29.000,2.000,2024.000,9.000,9.000,9.000
8.000,419.549,1007.850,12.760,1.228,983.323,40.019,455908.676,0.000,0.000,0.000,0.000,14.001,0.000,122.928,0.000,0.097,10.449,20.875,0.000,51.404,123.015,143.253,0.075,13.972,20.579,1.383,50.903,0.000,0.000,0.000,0.000,0.000,0.000,0.000,29.000,2.000,2024.000,9.000,9.000,9.000
8.000,419.549,1007.850,12.760,1.228,983.323,40.019,455908.676,0.000,0.000,0.000,0.000,14.001,0.000,122.994,0.000,0.177,10.471,20.870,0.000,51.302,122.971,142.809,0.073,14.823,20.572,0.938,50.844,0.000,0.000,0.000,0.000,0.000,0.000,0.000,29.000,2.000,2024.000,9.000,9.000,9.000
8.000,419.492,1007.851,12.760,1.228,983.189,40.016,455877.691,0.000,0.000,0.000,0.000,14.001,0.000,122.992,0.000,0.105,11.731,20.874,0.000,51.313,123.019,142.808,0.056,15.767,20.574,0.910,50.802,0.000,0.000,0.000,0.000,0.000,0.000,0.000,29.000,2.000,2024.000,9.000,9.000,9.000
8.000,419.492,1007.851,12.760,1.228,983.189,40.016,455877.691,0.000,0.000,0.000,0.000,14.001,0.000,123.006,0.000,0.136,14.218,20.905,0.000,51.390,123.073,146.860,0.027,11.933,20.595,1.134,50.809,0.000,0.000,0.000,0.000,0.000,0.000,0.000,29.000,2.000,2024.000,9.000,9.000,9.000
8.000,419.453,1007.849,12.760,1.228,983.097,40.014,455855.882,0.000,0.000,0.000,0.000,14.001,0.000,123.109,0.000,0.100,13.383,20.905,0.000,51.278,123.027,146.020,0.050,12.941,20.595,1.061,50.865,0.000,0.000,0.000,0.000,0.000,0.000,0.000,29.000,2.000,2024.000,9.000,9.000,9.000
8.000,419.453,1007.849,12.760,1.228,983.097,40.014,455855.882,0.000,0.000,0.000,0.000,14.001,0.000,122.864,0.000,0.185,14.485,20.906,0.000,51.169,123.030,146.722,0.042,10.209,20.593,2.199,50.914,0.000,0.000,0.000,0.000,0.000,0.000,0.000,29.000,2.000,2024.000,9.000,9.000,9.000
8.000,419.453,1007.849,12.760,1.228,983.097,40.014,455855.882,0.000,0.000,0.000,0.000,14.001,0.000,123.065,0.000,0.134,14.643,20.906,0.000,51.337,123.025,149.246,0.049,13.498,20.593,1.032,50.893,0.000,0.000,0.000,0.000,0.000,0.000,0.000,29.000,2.000,2024.000,9.000,9.000,10.000
8.000,419.403,1007.848,12.760,1.228,982.979,40.012,455828.275,0.000,0.000,0.000,0.000,14.001,0.000,123.056,0.000,0.089,14.463,20.901,0.000,51.271,123.071,148.472,0.070,11.485,20.615,0.331,50.907,0.000,0.000,0.000,0.000,0.000,0.000,0.000,29.000,2.000,2024.000,9.000,9.000,10.000
8.000,419.403,1007.848,12.760,1.228,982.979,40.012,455828.275,0.000,0.000,0.000,0.000,14.001,0.000,123.043,0.000,0.193,16.006,20.900,0.000,51.267,123.017,150.018,0.081,10.111,20.617,1.746,50.802,0.000,0.000,0.000,0.000,0.000,0.000,0.000,29.000,2.000,2024.000,9.000,9.000,10.000
8.000,419.353,1007.848,12.760,1.228,982.860,40.009,455800.892,0.000,0.000,0.000,0.000,14.001,0.000,123.045,0.000,0.050,12.816,20.895,0.000,51.204,123.084,148.868,0.103,10.198,20.621,0.358,50.788,0.000,0.000,0.000,0.000,0.000,0.000,0.000,29.000,2.000,2024.000,9.000,9.000,10.000
8.000,419.353,1007.848,12.760,1.228,982.860,40.009,455800.892,0.000,0.000,0.000,0.000,14.001,0.000,123.039,0.000,0.101,10.111,20.893,0.000,51.271,123.055,151.210,0.139,10.509,20.623,0.981,50.655,0.000,0.000,0.000,0.000,0.000,0.000,0.000,29.000,2.000,2024.000,9.000,9.000,10.000
8.000,419.336,1007.845,12.760,1.228,982.820,40.008,455790.903,0.000,0.000,0.000,0.000,14.001,0.000,123.147,0.000,0.123,9.249,20.926,0.000,51.204,122.964,144.983,0.044,10.367,20.621,2.061,50.833,0.000,0.000,0.000,0.000,0.000,0.000,0.000,29.000,2.000,2024.000,9.000,9.000,10.000
8.000,419.336,1007.845,12.760,1.228,982.820,40.008,455790.903,0.000,0.000,0.000,0.000,14.001,0.000,123.044,0.000,0.082,9.069,20.940,0.000,51.215,123.068,143.511,0.054,10.127,20.621,0.577,50.868,0.000,0.000,0.000,0.000,0.000,0.000,0.000,29.000,2.000,2024.000,9.000,9.000,10.000
8.000,419.353,1007.845,12.760,1.228,982.860,40.009,455800.214,0.000,0.000,0.000,0.000,14.001,0.000,123.095,0.000,0.048,9.969,20.948,0.000,51.197,123.051,141.790,0.040,10.422,20.631,0.448,50.858,0.000,0.000,0.000,0.000,0.000,0.000,0.000,29.000,2.000,2024.000,9.000,9.000,10.000
8.000,419.353,1007.845,12.760,1.228,982.860,40.009,455800.214,0.000,0.000,0.000,0.000,14.001,0.000,122.888,0.000,0.137,10.438,20.954,0.000,51.236,123.009,143.124,0.060,9.620,20.638,1.985,50.900,0.000,0.000,0.000,0.000,0.000,0.000,0.000,29.000,2.000,2024.000,9.000,9.000,10.000
8.000,419.325,1007.844,12.760,1.228,982.794,40.008,455784.653,0.000,0.000,0.000,0.000,14.001,0.000,123.056,0.000,0.097,10.776,20.933,0.000,51.155,123.031,145.379,0.054,10.117,20.638,0.626,50.844,0.000,0.000,0.000,0.000,0.000,0.000,0.000,29.000,2.000,2024.000,9.000,9.000,10.000
8.000,419.325,1007.844,12.760,1.228,982.794,40.008,455784.653,0.000,0.000,0.000,0.000,14.001,0.000,123.003,0.000,0.075,11.224,20.912,0.000,51.246,123.054,145.394,0.068,10.891,20.639,1.031,50.763,0.000,0.000,0.000,0.000,0.000,0.000,0.000,29.000,2.000,2024.000,9.000,9.000,11.000
8.000,419.293,1007.844,12.760,1.228,982.719,40.006,455767.126,0.000,0.000,0.000,0.000,14.001,0.000,123.020,0.000,0.045,11.022,20.926,0.000,51.316,122.949,146.369,0.062,11.458,20.645,0.891,50.858,0.000,0.000,0.000,0.000,0.000,0.000,0.000,29.000,2.000,2024.000,9.000,9.000,11.000
8.000,419.293,1007.844,12.760,1.228,982.719,40.006,455767.126,0.000,0.000,0.000,0.000,14.001,0.000,123.079,0.000,0.057,10.547,20.947,0.000,51.253,123.005,143.822,0.068,11.834,20.655,0.663,50.837,0.000,0.000,0.000,0.000,0.000,0.000,0.000,29.000,2.000,2024.000,9.000,9.000,11.000
8.000,419.293,1007.844,12.760,1.228,982.719,40.006,455767.126,0.000,0.000,0.000,0.000,14.001,0.000,122.987,0.000,0.168,9.729,20.949,0.000,51.239,122.960,141.206,0.055,13.716,20.647,0.611,50.823,0.000,0.000,0.000,0.000,0.000,0.000,0.000,29.000,2.000,2024.000,9.000,9.000,11.000
8.000,419.285,1007.844,12.760,1.228,982.700,40.006,455762.745,0.000,0.000,0.000,0.000,14.001,0.000,122.895,0.000,0.095,10.296,20.953,0.000,51.348,123.000,142.297,0.057,14.452,20.629,1.294,50.949,0.000,0.000,0.000,0.000,0.000,0.000,0.000,29.000,2.000,2024.000,9.000,9.000,11.000
8.000,419.285,1007.844,12.760,1.228,982.700,40.006,455762.745,0.000,0.000,0.000,0.000,14.001,0.000,122.991,0.000,0.104,10.613,20.950,0.000,51.407,123.097,146.310,0.077,15.990,20.635,1.294,50.809,0.000,0.000,0.000,0.000,0.000,0.000,0.000,29.000,2.000,2024.000,9.000,9.000,11.000
8.000,419.330,1007.843,12.760,1.228,982.806,40.008,455787.165,0.000,0.000,0.000,0.000,14.001,0.000,123.059,0.000,0.102,9.926,20.936,0.000,51.253,123.060,149.963,0.088,14.223,20.660,0.694,50.875,0.000,0.000,0.000,0.000,0.000,0.000,0.000,29.000,2.000,2024.000,9.000,9.000,11.000
8.000,419.330,1007.843,12.760,1.228,982.806,40.008,455787.165,0.000,0.000,0.000,0.000,14.001,0.000,123.043,0.000,0.134,12.887,20.939,0.000,51.134,123.050,149.490,0.091,12.876,20.661,0.357,50.819,0.000,0.000,0.000,0.000,0.000,0.000,0.000,29.000,2.000,2024.000,9.000,9.000,11.000
8.000,419.333,1007.845,12.760,1.228,982.813,40.008,455789.260,0.000,0.000,0.000,0.000,14.001,0.000,123.028,0.000,0.169,12.941,20.966,0.000,51.253,123.053,149.207,0.093,12.314,20.663,1.328,50.774,0.000,0.000,0.000,0.000,0.000,0.000,0.000,29.000,2.000,2024.000,9.000,9.000,11.000
8.000,419.333,1007.845,12.760,1.228,982.813,40.008,455789.260,0.000,0.000,0.000,0.000,14.001,0.000,123.043,0.000,0.125,13.356,20.966,0.000,51.197,123.027,148.815,0.065,12.243,20.663,0.935,50.882,0.000,0.000,0.000,0.000,0.000,0.000,0.000,29.000,2.000,2024.000,9.000,9.000,11.000
8.000,419.326,1007.843,12.760,1.228,982.797,40.008,455784.974,0.000,0.000,0.000,0.000,14.001,0.000,122.906,0.000,0.079,12.609,20.979,0.000,51.355,123.061,151.929,0.045,16.317,20.682,1.644,50.823,0.000,0.000,0.000,0.000,0.000,0.000,0.000,29.000,2.000,2024.000,9.000,9.000,12.000
8.000,419.326,1007.843,12.760,1.228,982.797,40.008,455784.974,0.000,0.000,0.000,0.000,14.001,0.000,122.982,0.000,0.093,14.092,20.979,0.000,51.404,123.045,157.535,0.068,14.992,20.682,0.990,50.844,0.000,0.000,0.000,0.000,0.000,0.000,0.000,29.000,2.000,2024.000,9.000,9.000,12.000
8.000,419.345,1007.842,12.760,1.228,982.842,40.009,455795.154,0.000,0.000,0.000,0.000,14.001,0.000,122.958,0.000,0.163,18.902,20.979,0.000,51.264,122.970,156.177,0.032,10.515,20.690,0.882,50.879,0.000,0.000,0.000,0.000,0.000,0.000,0.000,29.000,2.000,2024.000,9.000,9.000,12.000
8.000,419.345,1007.842,12.760,1.228,982.842,40.009,455795.154,0.000,0.000,0.000,0.000,14.001,0.000,122.941,0.000,0.126,10.695,20.979,0.000,51.344,123.059,161.141,0.087,12.434,20.691,1.991,50.893,0.000,0.000,0.000,0.000,0.000,0.000,0.000,29.000,2.000,2024.000,9.000,9.000,12.000
8.000,419.345,1007.842,12.760,1.228,982.842,40.009,455795.154,0.000,0.000,0.000,0.000,14.001,0.000,123.085,0.000,0.144,9.658,20.981,0.000,51.166,122.998,160.761,0.050,10.046,20.702,1.051,50.893,0.000,0.000,0.000,0.000,0.000,0.000,0.000,29.000,2.000,2024.000,9.000,9.000,12.000
8.000,419.313,1007.842,12.760,1.228,982.766,40.007,455777.628,0.000,0.000,0.000,0.000,14.001,0.000,123.040,0.000,0.040,10.629,20.981,0.000,51.201,122.973,157.643,0.033,10.760,20.705,0.707,50.875,0.000,0.000,0.000,0.000,0.000,0.000,0.000,29.000,2.000,2024.000,9.000,9.000,12.000
8.000,419.313,1007.842,12.760,1.228,982.766,40.007,455777.628,0.000,0.000,0.000,0.000,14.001,0.000,123.065,0.000,0.063,9.817,21.012,0.000,51.267,122.987,154.680,0.060,10.913,20.708,1.148,50.872,0.000,0.000,0.000,0.000,0.000,0.000,0.000,29.000,2.000,2024.000,9.000,9.000,12.000
8.000,419.283,1007.843,12.760,1.228,982.695,40.006,455761.423,0.000,0.000,0.000,0.000,14.001,0.000,122.990,0.000,0.121,9.975,21.026,0.000,51.313,123.081,155.403,0.088,10.040,20.710,1.624,50.791,0.000,0.000,0.000,0.000,0.000,0.000,0.000,29.000,2.000,2024.000,9.000,9.000,12.000
8.000,419.283,1007.843,12.760,1.228,982.695,40.006,455761.423,0.000,0.000,0.000,0.000,14.001,0.000,123.146,0.000,0.095,12.151,20.999,0.000,51.379,122.973,152.565,0.044,10.422,20.723,2.211,50.956,0.000,0.000,0.000,0.000,0.000,0.000,0.000,29.000,2.000,2024.000,9.000,9.000,12.000
8.000,419.311,1007.842,12.760,1.228,982.761,40.007,455776.533,0.000,0.000,0.000,0.000,14.001,0.000,123.132,0.000,0.069,11.158,20.981,0.000,51.218,123.057,148.470,0.062,9.909,20.732,0.754,50.910,0.000,0.000,0.000,0.000,0.000,0.000,0.000,29.000,2.000,2024.000,9.000,9.000,12.000
8.000,419.311,1007.842,12.760,1.228,982.761,40.007,455776.533,0.000,0.000,0.000,0.000,14.001,0.000,123.067,0.000,0.144,11.873,20.997,0.000,51.183,123.010,145.314,0.026,10.640,20.728,0.946,50.886,0.000,0.000,0.000,0.000,0.000,0.000,0.000,29.000,2.000,2024.000,9.000,9.000,13.000
8.000,419.283,1007.841,12.760,1.228,982.695,40.006,455760.971,0.000,0.000,0.000,0.000,14.001,0.000,123.040,0.000,0.061,10.656,21.012,0.000,51.267,123.072,145.399,0.040,10.842,20.723,0.374,50.847,0.000,0.000,0.000,0.000,0.000,0.000,0.000,29.000,2.000,2024.000,9.000,9.000,13.000
8.000,419.283,1007.841,12.760,1.228,982.695,40.006,455760.971,0.000,0.000,0.000,0.000,14.001,0.000,123.166,0.000,0.123,10.455,21.007,0.000,51.236,123.091,145.533,0.072,12.042,20.725,1.481,50.882,0.000,0.000,0.000,0.000,0.000,0.000,0.000,29.000,2.000,2024.000,9.000,9.000,13.000
8.000,419.240,1007.840,12.760,1.228,982.594,40.004,455737.193,0.000,0.000,0.000,0.000,14.001,0.000,123.071,0.000,0.122,10.776,21.000,0.000,51.243,123.066,142.843,0.064,11.044,20.728,0.574,50.767,0.000,0.000,0.000,0.000,0.000,0.000,0.000,29.000,2.000,2024.000,9.000,9.000,13.000
8.000,419.240,1007.840,12.760,1.228,982.594,40.004,455737.193,0.000,0.000,0.000,0.000,14.001,0.000,122.952,0.000,0.066,10.913,21.006,0.000,51.463,123.118,145.843,0.063,12.489,20.735,1.804,50.711,0.000,0.000,0.000,0.000,0.000,0.000,0.000,29.000,2.000,2024.000,9.000,9.000,13.000
8.000,419.207,1007.839,12.760,1.228,982.516,40.002,455718.891,0.000,0.000,0.000,0.000,14.001,0.000,123.014,0.000,0.100,9.746,21.018,0.000,51.299,123.113,150.943,0.060,12.571,20.750,0.850,50.781,0.000,0.000,0.000,0.000,0.000,0.000,0.000,29.000,2.000,2024.000,9.000,9.000,13.000
8.000,419.207,1007.839,12.760,1.228,982.516,40.002,455718.891,0.000,0.000,0.000,0.000,14.001,0.000,122.955,0.000,0.107,9.549,21.026,0.000,51.428,123.078,154.984,0.113,11.687,20.747,1.617,50.837,0.000,0.000,0.000,0.000,0.000,0.000,0.000,29.000,2.000,2024.000,9.000,9.000,13.000
8.000,419.207,1007.839,12.760,1.228,982.516,40.002,455718.891,0.000,0.000,0.000,0.000,14.001,0.000,122.968,0.000,0.160,10.706,21.056,0.000,51.365,123.027,156.960,0.038,12.434,20.732,1.254,50.893,0.000,0.000,0.000,0.000,0.000,0.000,0.000,29.000,2.000,2024.000,9.000,9.000,13.000
8.000,419.214,1007.840,12.760,1.228,982.532,40.003,455722.951,0.000,0.000,0.000,0.000,14.001,0.000,123.018,0.000,0.131,11.567,21.053,0.000,51.348,123.010,160.090,0.079,13.831,20.737,0.474,50.903,0.000,0.000,0.000,0.000,0.000,0.000,0.000,29.000,2.000,2024.000,9.000,9.000,13.000
8.000,419.214,1007.840,12.760,1.228,982.532,40.003,455722.951,0.000,0.000,0.000,0.000,14.001,0.000,123.182,0.000,0.050,12.200,21.029,0.000,51.194,123.038,157.418,0.081,13.356,20.779,1.568,50.823,0.000,0.000,0.000,0.000,0.000,0.000,0.000,29.000,2.000,2024.000,9.000,9.000,13.000
8.000,419.211,1007.841,12.780,1.228,982.525,40.004,455680.778,0.000,0.000,0.000,0.000,14.001,0.000,123.061,0.000,0.053,14.267,21.029,0.000,51.187,123.033,154.438,0.031,12.582,20.779,0.341,50.861,0.000,0.000,0.000,0.000,0.000,0.000,0.000,29.000,2.000,2024.000,9.000,9.000,14.000
8.000,419.211,1007.841,12.780,1.228,982.525,40.004,455680.778,0.000,0.000,0.000,0.000,14.001,0.000,123.013,0.000,0.161,13.285,21.062,0.000,51.120,123.026,152.999,0.076,11.911,20.762,0.632,50.844,0.000,0.000,0.000,0.000,0.000,0.000,0.000,29.000,2.000,2024.000,9.000,9.000,14.000
8.000,419.158,1007.841,12.780,1.228,982.400,40.001,455651.749,0.000,0.000,0.000,0.000,14.001,0.000,122.922,0.000,0.079,14.245,21.062,0.000,51.337,122.984,155.930,0.070,10.340,20.762,0.557,50.847,0.000,0.000,0.000,0.000,0.000,0.000,0.000,29.000,2.000,2024.000,9.000,9.000,14.000
8.000,419.158,1007.841,12.780,1.228,982.400,40.001,455651.749,0.000,0.000,0.000,0.000,14.001,0.000,122.958,0.000,0.128,13.705,21.078,0.000,51.323,123.001,158.072,0.073,10.951,20.794,0.544,50.788,0.000,0.000,0.000,0.000,0.000,0.000,0.000,29.000,2.000,2024.000,9.000,9.000,14.000
8.000,419.128,1007.839,12.780,1.228,982.329,40.000,455634.864,0.000,0.000,0.000,0.000,14.001,0.000,123.085,0.000,0.121,10.973,21.080,0.000,51.089,123.002,156.282,0.089,9.675,20.798,0.831,50.833,0.000,0.000,0.000,0.000,0.000,0.000,0.000,29.000,2.000,2024.000,9.000,9.000,14.000
8.000,419.128,1007.839,12.780,1.228,982.329,40.000,455634.864,0.000,0.000,0.000,0.000,14.001,0.000,123.125,0.000,0.168,13.596,21.066,0.000,51.047,123.030,151.811,0.036,10.133,20.772,1.375,50.847,0.000,0.000,0.000,0.000,0.000,0.000,0.000,29.000,2.000,2024.000,9.000,9.000,14.000
8.000,419.097,1007.841,12.780,1.228,982.256,39.998,455618.335,0.000,0.000,0.000,0.000,14.001,0.000,123.049,0.000,0.091,12.091,21.062,0.000,51.400,123.065,152.009,0.108,10.880,20.766,0.499,50.833,0.000,0.000,0.000,0.000,0.000,0.000,0.000,29.000,2.000,2024.000,9.000,9.000,14.000
8.000,419.097,1007.841,12.780,1.228,982.256,39.998,455618.335,0.000,0.000,0.000,0.000,14.001,0.000,123.060,0.000,0.046,10.133,21.071,0.000,51.173,123.044,152.620,0.083,10.051,20.792,0.689,50.798,0.000,0.000,0.000,0.000,0.000,0.000,0.000,29.000,2.000,2024.000,9.000,9.000,14.000
8.000,419.097,1007.841,12.780,1.228,982.256,39.998,455618.335,0.000,0.000,0.000,0.000,14.001,0.000,123.110,0.000,0.130,10.160,21.074,0.000,51.204,122.974,150.236,0.025,10.684,20.803,1.447,50.879,0.000,0.000,0.000,0.000,0.000,0.000,0.000,29.000,2.000,2024.000,9.000,9.000,14.000
8.000,419.119,1007.840,12.780,1.228,982.308,39.999,455630.160,0.000,0.000,0.000,0.000,14.001,0.000,123.056,0.000,0.092,9.866,21.090,0.000,51.092,123.017,145.509,0.067,10.656,20.796,0.628,50.805,0.000,0.000,0.000,0.000,0.000,0.000,0.000,29.000,2.000,2024.000,9.000,9.000,14.000
8.000,419.119,1007.840,12.780,1.228,982.308,39.999,455630.160,0.000,0.000,0.000,0.000,14.001,0.000,122.941,0.000,0.137,9.833,21.101,0.000,51.327,122.937,144.597,0.137,9.947,20.791,0.757,50.949,0.000,0.000,0.000,0.000,0.000,0.000,0.000,29.000,2.000,2024.000,9.000,9.000,15.000
8.000,419.122,1007.838,12.780,1.228,982.315,40.000,455631.351,0.000,0.000,0.000,0.000,14.001,0.000,123.056,0.000,0.111,11.005,21.095,0.000,51.292,123.020,146.521,0.078,10.220,20.803,0.851,50.753,0.000,0.000,0.000,0.000,0.000,0.000,0.000,29.000,2.000,2024.000,9.000,9.000,15.000
8.000,419.122,1007.838,12.780,1.228,982.315,40.000,455631.351,0.000,0.000,0.000,0.000,14.001,0.000,122.961,0.000,0.162,12.489,21.089,0.000,51.393,123.051,147.588,0.104,10.406,20.815,1.372,50.746,0.000,0.000,0.000,0.000,0.000,0.000,0.000,29.000,2.000,2024.000,9.000,9.000,15.000
8.000,419.093,1007.840,12.780,1.228,982.246,39.998,455615.918,0.000,0.000,0.000,0.000,14.001,0.000,123.163,0.000,0.052,11.671,21.097,0.000,51.176,123.077,148.193,0.099,11.273,20.819,1.294,50.928,0.000,0.000,0.000,0.000,0.000,0.000,0.000,29.000,2.000,2024.000,9.000,9.000,15.000
8.000,419.093,1007.840,12.780,1.228,982.246,39.998,455615.918,0.000,0.000,0.000,0.000,14.001,0.000,123.079,0.000,0.051,11.278,21.111,0.000,51.176,123.051,145.082,0.041,10.444,20.824,0.311,50.847,0.000,0.000,0.000,0.000,0.000,0.000,0.000,29.000,2.000,2024.000,9.000,9.000,15.000
8.000,419.081,1007.842,12.780,1.228,982.218,39.998,455609.796,0.000,0.000,0.000,0.000,14.001,0.000,123.117,0.000,0.102,10.024,21.112,0.000,51.127,123.025,141.934,0.042,12.282,20.824,1.249,50.816,0.000,0.000,0.000,0.000,0.000,0.000,0.000,29.000,2.000,2024.000,9.000,9.000,15.000
8.000,419.081,1007.842,12.780,1.228,982.218,39.998,455609.796,0.000,0.000,0.000,0.000,14.001,0.000,122.949,0.000,0.073,10.504,21.117,0.000,51.176,123.045,141.711,0.090,13.312,20.824,1.388,50.767,0.000,0.000,0.000,0.000,0.000,0.000,0.000,29.000,2.000,2024.000,9.000,9.000,15.000
8.000,419.111,1007.840,12.760,1.228,982.289,39.998,455666.529,0.000,0.000,0.000,0.000,14.001,0.000,123.081,0.000,0.100,9.997,21.114,0.000,51.383,123.038,144.810,0.068,11.927,20.828,1.075,50.823,0.000,0.000,0.000,0.000,0.000,0.000,0.000,29.000,2.000,2024.000,9.000,9.000,15.000
8.000,419.111,1007.840,12.760,1.228,982.289,39.998,455666.529,0.000,0.000,0.000,0.000,14.001,0.000,123.082,0.000,0.093,9.768,21.101,0.000,51.225,123.046,141.695,0.085,15.527,20.844,0.783,50.767,0.000,0.000,0.000,0.000,0.000,0.000,0.000,29.000,2.000,2024.000,9.000,9.000,15.000
8.000,419.112,1007.841,12.760,1.228,982.291,39.998,455667.302,0.000,0.000,0.000,0.000,14.001,0.000,123.068,0.000,0.089,9.479,21.103,0.000,51.194,122.973,139.965,0.037,14.425,20.844,0.965,50.886,0.000,0.000,0.000,0.000,0.000,0.000,0.000,29.000,2.000,2024.000,9.000,9.000,15.000
8.000,419.112,1007.841,12.760,1.228,982.291,39.998,455667.302,0.000,0.000,0.000,0.000,14.001,0.000,123.123,0.000,0.181,10.138,21.119,0.000,51.120,123.008,138.638,0.079,12.582,20.847,1.632,50.865,0.000,0.000,0.000,0.000,0.000,0.000,0.000,29.000,2.000,2024.000,9.000,9.000,16.000
8.000,419.112,1007.841,12.760,1.228,982.291,39.998,455667.302,0.000,0.000,0.000,0.000,14.001,0.000,123.078,0.000,0.100,11.000,21.119,0.000,51.033,123.073,132.654,0.124,12.336,20.847,1.057,50.924,0.000,0.000,0.000,0.000,0.000,0.000,0.000,29.000,2.000,2024.000,9.000,9.000,16.000
8.000,419.116,1007.843,12.760,1.228,982.301,39.998,455669.946,0.000,0.000,0.000,0.000,14.001,0.000,122.950,0.000,0.037,10.406,21.158,0.000,51.204,123.086,135.973,0.098,13.356,20.866,1.685,50.903,0.000,0.000,0.000,0.000,0.000,0.000,0.000,29.000,2.000,2024.000,9.000,9.000,16.000
8.000,419.116,1007.843,12.760,1.228,982.301,39.998,455669.946,0.000,0.000,0.000,0.000,14.001,0.000,122.897,0.000,0.146,15.876,21.158,0.000,51.428,123.039,141.263,0.118,15.057,20.866,1.902,50.735,0.000,0.000,0.000,0.000,0.000,0.000,0.000,29.000,2.000,2024.000,9.000,9.000,16.000
8.000,419.118,1007.844,12.780,1.228,982.305,39.999,455630.516,0.000,0.000,0.000,0.000,14.001,0.000,122.889,0.000,0.164,15.308,21.133,0.000,51.411,123.049,148.054,0.076,10.193,20.878,2.163,50.812,0.000,0.000,0.000,0.000,0.000,0.000,0.000,29.000,2.000,2024.000,9.000,9.000,16.000
8.000,419.118,1007.844,12.780,1.228,982.305,39.999,455630.516,0.000,0.000,0.000,0.000,14.001,0.000,122.977,0.000,0.055,15.096,21.130,0.000,51.243,123.003,150.127,0.077,10.269,20.879,0.377,50.823,0.000,0.000,0.000,0.000,0.000,0.000,0.000,29.000,2.000,2024.000,9.000,9.000,16.000
8.000,419.124,1007.842,12.780,1.228,982.320,40.000,455633.351,0.000,0.000,0.000,0.000,14.001,0.000,123.063,0.000,0.185,10.296,21.162,0.000,51.334,122.980,150.183,0.074,10.346,20.873,1.164,50.763,0.000,0.000,0.000,0.000,0.000,0.000,0.000,29.000,2.000,2024.000,9.000,9.000,16.000
8.000,419.124,1007.842,12.780,1.228,982.320,40.000,455633.351,0.000,0.000,0.000,0.000,14.001,0.000,123.119,0.000,0.039,12.603,21.170,0.000,51.257,122.997,145.548,0.056,10.967,20.871,1.314,50.882,0.000,0.000,0.000,0.000,0.000,0.000,0.000,29.000,2.000,2024.000,9.000,9.000,16.000
8.000,419.103,1007.844,12.760,1.228,982.270,39.997,455663.050,0.000,0.000,0.000,0.000,14.001,0.000,122.991,0.000,0.208,17.713,21.164,0.000,51.197,123.003,141.654,0.074,10.738,20.879,0.972,50.823,0.000,0.000,0.000,0.000,0.000,0.000,0.000,29.000,2.000,2024.000,9.000,9.000,16.000
8.000,419.103,1007.844,12.760,1.228,982.270,39.997,455663.050,0.000,0.000,0.000,0.000,14.001,0.000,122.953,0.000,0.080,15.663,21.161,0.000,51.047,123.070,145.089,0.060,11.000,20.882,1.644,50.826,0.000,0.000,0.000,0.000,0.000,0.000,0.000,29.000,2.000,2024.000,9.000,9.000,16.000
8.000,419.101,1007.843,12.760,1.228,982.265,39.997,455661.729,0.000,0.000,0.000,0.000,14.001,0.000,123.022,0.000,0.060,9.484,21.161,0.000,51.232,123.026,147.796,0.080,10.831,20.889,0.286,50.830,0.000,0.000,0.000,0.000,0.000,0.000,0.000,29.000,2.000,2024.000,9.000,9.000,17.000
8.000,419.101,1007.843,12.760,1.228,982.265,39.997,455661.729,0.000,0.000,0.000,0.000,14.001,0.000,122.817,0.000,0.060,10.302,21.162,0.000,51.208,123.059,151.910,0.031,9.822,20.893,2.491,50.858,0.000,0.000,0.000,0.000,0.000,0.000,0.000,29.000,2.000,2024.000,9.000,9.000,17.000
8.000,419.101,1007.843,12.760,1.228,982.265,39.997,455661.729,0.000,0.000,0.000,0.000,14.001,0.000,123.026,0.000,0.148,11.404,21.162,0.000,51.365,123.035,156.667,0.051,9.533,20.895,0.754,50.812,0.000,0.000,0.000,0.000,0.000,0.000,0.000,29.000,2.000,2024.000,9.000,9.000,17.000
8.000,419.107,1007.844,12.760,1.228,982.279,39.997,455665.242,0.000,0.000,0.000,0.000,14.001,0.000,122.937,0.000,0.110,11.142,21.162,0.000,51.215,123.023,159.130,0.032,9.855,20.896,0.932,50.809,0.000,0.000,0.000,0.000,0.000,0.000,0.000,29.000,2.000,2024.000,9.000,9.000,17.000
8.000,419.107,1007.844,12.760,1.228,982.279,39.997,455665.242,0.000,0.000,0.000,0.000,14.001,0.000,122.855,0.000,0.038,10.400,21.169,0.000,51.176,123.085,164.669,0.037,10.335,20.899,2.616,50.819,0.000,0.000,0.000,0.000,0.000,0.000,0.000,29.000,2.000,2024.000,9.000,9.000,17.000
8.000,419.101,1007.846,12.780,1.228,982.265,39.998,455621.656,0.000,0.000,0.000,0.000,14.001,0.000,123.053,0.000,0.141,10.068,21.179,0.000,51.288,123.085,171.046,0.100,10.493,20.903,1.359,50.879,0.000,0.000,0.000,0.000,0.000,0.000,0.000,29.000,2.000,2024.000,9.000,9.000,17.000
8.000,419.101,1007.846,12.780,1.228,982.265,39.998,455621.656,0.000,0.000,0.000,0.000,14.001,0.000,123.238,0.000,0.119,10.351,21.181,0.000,51.019,123.021,166.246,0.032,11.916,20.904,2.643,50.879,0.000,0.000,0.000,0.000,0.000,0.000,0.000,29.000,2.000,2024.000,9.000,9.000,17.000
8.000,419.116,1007.846,12.780,1.228,982.301,39.999,455629.873,0.000,0.000,0.000,0.000,14.001,0.000,122.984,0.000,0.090,9.577,21.186,0.000,51.344,123.040,162.050,0.062,11.104,20.905,0.680,50.819,0.000,0.000,0.000,0.000,0.000,0.000,0.000,29.000,2.000,2024.000,9.000,9.000,17.000
8.000,419.116,1007.846,12.780,1.228,982.301,39.999,455629.873,0.000,0.000,0.000,0.000,14.001,0.000,123.080,0.000,0.137,10.864,21.187,0.000,51.288,123.056,164.683,0.056,13.760,20.905,0.930,50.872,0.000,0.000,0.000,0.000,0.000,0.000,0.000,29.000,2.000,2024.000,9.000,9.000,17.000
8.000,419.193,1007.846,12.780,1.228,982.483,40.003,455672.050,0.000,0.000,0.000,0.000,14.001,0.000,123.112,0.000,0.140,10.275,21.189,0.000,51.176,122.976,160.527,0.067,12.113,20.906,1.228,50.952,0.000,0.000,0.000,0.000,0.000,0.000,0.000,29.000,2.000,2024.000,9.000,9.000,17.000
8.000,419.193,1007.846,12.780,1.228,982.483,40.003,455672.050,0.000,0.000,0.000,0.000,14.001,0.000,123.029,0.000,0.151,11.115,21.190,0.000,51.068,123.008,156.843,0.045,12.565,20.908,0.354,50.830,0.000,0.000,0.000,0.000,0.000,0.000,0.000,29.000,2.000,2024.000,9.000,9.000,18.000
8.000,419.255,1007.845,12.760,1.228,982.629,40.004,455746.539,0.000,0.000,0.000,0.000,14.001,0.000,123.014,0.000,0.138,12.898,21.198,0.000,51.397,122.988,157.342,0.056,14.485,20.930,0.468,50.840,0.000,0.000,0.000,0.000,0.000,0.000,0.000,29.000,2.000,2024.000,9.000,9.000,18.000
8.000,419.255,1007.845,12.760,1.228,982.629,40.004,455746.539,0.000,0.000,0.000,0.000,14.001,0.000,123.148,0.000,0.068,12.789,21.198,0.000,51.306,123.017,153.938,0.051,12.854,20.930,1.248,50.858,0.000,0.000,0.000,0.000,0.000,0.000,0.000,29.000,2.000,2024.000,9.000,9.000,18.000
8.000,419.242,1007.847,12.760,1.228,982.598,40.004,455739.871,0.000,0.000,0.000,0.000,14.001,0.000,123.136,0.000,0.061,13.181,21.192,0.000,51.159,123.003,149.420,0.044,12.822,20.937,1.619,50.865,0.000,0.000,0.000,0.000,0.000,0.000,0.000,29.000,2.000,2024.000,9.000,9.000,18.000
8.000,419.242,1007.847,12.760,1.228,982.598,40.004,455739.871,0.000,0.000,0.000,0.000,14.001,0.000,123.008,0.000,0.164,13.825,21.192,0.000,51.183,123.083,146.490,0.075,11.567,20.937,1.481,50.896,0.000,0.000,0.000,0.000,0.000,0.000,0.000,29.000,2.000,2024.000,9.000,9.000,18.000
8.000,419.242,1007.847,12.760,1.228,982.598,40.004,455739.871,0.000,0.000,0.000,0.000,14.001,0.000,123.052,0.000,0.116,14.201,21.205,0.000,51.362,123.049,150.473,0.044,14.752,20.928,0.630,50.805,0.000,0.000,0.000,0.000,0.000,0.000,0.000,29.000,2.000,2024.000,9.000,9.000,18.000
8.000,419.279,1007.847,12.760,1.228,982.686,40.006,455760.137,0.000,0.000,0.000,0.000,14.001,0.000,122.977,0.000,0.178,15.598,21.207,0.000,50.998,122.989,149.628,0.028,11.404,20.927,0.749,50.886,0.000,0.000,0.000,0.000,0.000,0.000,0.000,29.000,2.000,2024.000,9.000,9.000,18.000
8.000,419.279,1007.847,12.760,1.228,982.686,40.006,455760.137,0.000,0.000,0.000,0.000,14.001,0.000,122.890,0.000,0.114,12.189,21.230,0.000,51.292,123.122,153.435,0.119,10.204,20.956,2.721,50.819,0.000,0.000,0.000,0.000,0.000,0.000,0.000,29.000,2.000,2024.000,9.000,9.000,18.000
8.000,419.291,1007.848,12.760,1.228,982.714,40.006,455766.935,0.000,0.000,0.000,0.000,14.001,0.000,123.065,0.000,0.074,10.651,21.235,0.000,51.194,123.076,157.208,0.051,9.926,20.964,0.610,50.809,0.000,0.000,0.000,0.000,0.000,0.000,0.000,29.000,2.000,2024.000,9.000,9.000,18.000
8.000,419.291,1007.848,12.760,1.228,982.714,40.006,455766.935,0.000,0.000,0.000,0.000,14.001,0.000,122.970,0.000,0.115,10.209,21.235,0.000,51.376,123.020,160.628,0.087,10.444,20.958,0.823,50.837,0.000,0.000,0.000,0.000,0.000,0.000,0.000,29.000,2.000,2024.000,9.000,9.000,18.000
8.000,419.337,1007.847,12.780,1.228,982.823,40.010,455751.141,0.000,0.000,0.000,0.000,14.001,0.000,123.171,0.000,0.036,9.364,21.234,0.000,51.159,123.012,157.771,0.062,10.378,20.956,1.893,50.896,0.000,0.000,0.000,0.000,0.000,0.000,0.000,29.000,2.000,2024.000,9.000,9.000,19.000
8.000,419.337,1007.847,12.780,1.228,982.823,40.010,455751.141,0.000,0.000,0.000,0.000,14.001,0.000,123.003,0.000,0.109,10.187,21.227,0.000,51.131,123.067,155.134,0.057,10.531,20.954,1.116,50.854,0.000,0.000,0.000,0.000,0.000,0.000,0.000,29.000,2.000,2024.000,9.000,9.000,19.000
8.000,419.394,1007.849,12.780,1.228,982.957,40.012,455782.808,0.000,0.000,0.000,0.000,14.001,0.000,123.048,0.000,0.111,11.725,21.221,0.000,51.222,123.014,157.619,0.054,10.624,20.953,0.455,50.840,0.000,0.000,0.000,0.000,0.000,0.000,0.000,29.000,2.000,2024.000,9.000,9.000,19.000
8.000,419.394,1007.849,12.780,1.228,982.957,40.012,455782.808,0.000,0.000,0.000,0.000,14.001,0.000,123.202,0.000,0.161,10.940,21.243,0.000,51.169,123.014,151.812,0.041,9.800,20.975,2.440,50.847,0.000,0.000,0.000,0.000,0.000,0.000,0.000,29.000,2.000,2024.000,9.000,9.000,19.000
8.000,419.437,1007.849,12.780,1.228,983.059,40.015,455806.354,0.000,0.000,0.000,0.000,14.001,0.000,122.999,0.000,0.165,10.482,21.264,0.000,51.344,123.050,149.718,0.039,10.324,20.998,1.154,50.826,0.000,0.000,0.000,0.000,0.000,0.000,0.000,29.000,2.000,2024.000,9.000,9.000,19.000
8.000,419.437,1007.849,12.780,1.228,983.059,40.015,455806.354,0.000,0.000,0.000,0.000,14.001,0.000,123.150,0.000,0.157,11.987,21.263,0.000,51.383,123.059,150.302,0.053,8.562,20.988,1.521,50.707,0.000,0.000,0.000,0.000,0.000,0.000,0.000,29.000,2.000,2024.000,9.000,9.000,19.000
8.000,419.470,1007.849,12.780,1.228,983.137,40.016,455824.423,0.000,0.000,0.000,0.000,14.001,0.000,123.055,0.000,0.104,10.258,21.262,0.000,51.383,123.068,148.096,0.034,9.795,20.973,0.743,50.791,0.000,0.000,0.000,0.000,0.000,0.000,0.000,29.000,2.000,2024.000,9.000,9.000,19.000
8.000,419.470,1007.849,12.780,1.228,983.137,40.016,455824.423,0.000,0.000,0.000,0.000,14.001,0.000,122.970,0.000,0.116,12.445,21.265,0.000,51.397,123.075,151.099,0.043,10.547,20.983,1.401,50.809,0.000,0.000,0.000,0.000,0.000,0.000,0.000,29.000,2.000,2024.000,9.000,9.000,19.000
8.000,419.470,1007.849,12.780,1.228,983.137,40.016,455824.423,0.000,0.000,0.000,0.000,14.001,0.000,123.075,0.000,0.087,10.024,21.271,0.000,51.166,123.081,153.691,0.061,12.036,21.007,0.421,50.830,0.000,0.000,0.000,0.000,0.000,0.000,0.000,29.000,2.000,2024.000,9.000,9.000,19.000
8.000,419.479,1007.850,12.780,1.228,983.158,40.017,455829.577,0.000,0.000,0.000,0.000,14.001,0.000,123.102,0.000,0.144,9.768,21.273,0.000,51.096,123.038,150.232,0.090,11.698,20.999,1.584,50.760,0.000,0.000,0.000,0.000,0.000,0.000,0.000,29.000,2.000,2024.000,9.000,9.000,19.000
8.000,419.479,1007.850,12.780,1.228,983.158,40.017,455829.577,0.000,0.000,0.000,0.000,14.001,0.000,123.065,0.000,0.120,9.718,21.281,0.000,50.984,122.978,149.110,0.074,11.464,20.965,1.558,50.886,0.000,0.000,0.000,0.000,0.000,0.000,0.000,29.000,2.000,2024.000,9.000,9.000,20.000
8.000,419.482,1007.850,12.780,1.228,983.165,40.017,455831.220,0.000,0.000,0.000,0.000,14.001,0.000,122.947,0.000,0.098,9.806,21.282,0.000,51.190,123.032,148.753,0.050,15.352,20.970,1.081,50.823,0.000,0.000,0.000,0.000,0.000,0.000,0.000,29.000,2.000,2024.000,9.000,9.000,20.000
8.000,419.482,1007.850,12.780,1.228,983.165,40.017,455831.220,0.000,0.000,0.000,0.000,14.001,0.000,122.957,0.000,0.196,10.722,21.285,0.000,51.404,123.011,153.724,0.050,12.631,21.014,1.111,50.767,0.000,0.000,0.000,0.000,0.000,0.000,0.000,29.000,2.000,2024.000,9.000,9.000,20.000
8.000,419.470,1007.853,12.780,1.228,983.137,40.016,455825.328,0.000,0.000,0.000,0.000,14.001,0.000,123.181,0.000,0.148,11.993,21.285,0.000,51.201,123.106,150.362,0.085,12.396,21.014,1.302,50.735,0.000,0.000,0.000,0.000,0.000,0.000,0.000,29.000,2.000,2024.000,9.000,9.000,20.000
8.000,419.470,1007.853,12.780,1.228,983.137,40.016,455825.328,0.000,0.000,0.000,0.000,14.001,0.000,123.061,0.000,0.061,11.845,21.307,0.000,51.337,123.128,151.297,0.056,15.030,21.014,0.917,50.718,0.000,0.000,0.000,0.000,0.000,0.000,0.000,29.000,2.000,2024.000,9.000,9.000,20.000
8.000,419.503,1007.855,12.780,1.228,983.215,40.018,455843.849,0.000,0.000,0.000,0.000,14.001,0.000,123.101,0.000,0.104,10.924,21.307,0.000,51.162,122.988,152.227,0.069,10.133,21.014,1.722,50.837,0.000,0.000,0.000,0.000,0.000,0.000,0.000,29.000,2.000,2024.000,9.000,9.000,20.000
8.000,419.503,1007.855,12.780,1.228,983.215,40.018,455843.849,0.000,0.000,0.000,0.000,14.001,0.000,123.044,0.000,0.077,10.008,21.303,0.000,51.082,123.015,148.130,0.059,9.800,21.034,0.360,50.823,0.000,0.000,0.000,0.000,0.000,0.000,0.000,29.000,2.000,2024.000,9.000,9.000,20.000
8.000,419.460,1007.855,12.780,1.228,983.113,40.016,455820.305,0.000,0.000,0.000,0.000,14.001,0.000,123.001,0.000,0.132,11.987,21.302,0.000,51.225,122.981,146.142,0.080,10.340,21.037,1.009,50.893,0.000,0.000,0.000,0.000,0.000,0.000,0.000,29.000,2.000,2024.000,9.000,9.000,20.000
8.000,419.460,1007.855,12.780,1.228,983.113,40.016,455820.305,0.000,0.000,0.000,0.000,14.001,0.000,123.033,0.000,0.096,11.496,21.306,0.000,51.442,123.010,146.860,0.078,10.776,21.042,0.198,50.823,0.000,0.000,0.000,0.000,0.000,0.000,0.000,29.000,2.000,2024.000,9.000,9.000,20.000
8.000,419.460,1007.855,12.780,1.228,983.113,40.016,455820.305,0.000,0.000,0.000,0.000,14.001,0.000,122.955,0.000,0.061,10.220,21.307,0.000,51.152,123.063,147.343,0.058,11.005,21.043,1.305,50.840,0.000,0.000,0.000,0.000,0.000,0.000,0.000,29.000,2.000,2024.000,9.000,9.000,20.000
8.000,419.394,1007.853,12.780,1.228,982.957,40.012,455783.712,0.000,0.000,0.000,0.000,14.001,0.000,122.954,0.000,0.117,10.547,21.316,0.000,51.369,123.014,152.934,0.086,12.276,21.048,1.460,50.851,0.000,0.000,0.000,0.000,0.000,0.000,0.000,29.000,2.000,2024.000,9.000,9.000,21.000
8.000,419.394,1007.853,12.780,1.228,982.957,40.012,455783.712,0.000,0.000,0.000,0.000,14.001,0.000,123.031,0.000,0.171,9.517,21.320,0.000,51.355,122.993,150.205,0.080,13.569,21.050,0.850,50.882,0.000,0.000,0.000,0.000,0.000,0.000,0.000,29.000,2.000,2024.000,9.000,9.000,21.000
8.000,419.351,1007.856,12.780,1.228,982.856,40.010,455760.843,0.000,0.000,0.000,0.000,14.001,0.000,123.035,0.000,0.115,10.122,21.324,0.000,51.274,123.004,151.588,0.049,14.038,21.055,0.809,50.791,0.000,0.000,0.000,0.000,0.000,0.000,0.000,29.000,2.000,2024.000,9.000,9.000,21.000
8.000,419.351,1007.856,12.780,1.228,982.856,40.010,455760.843,0.000,0.000,0.000,0.000,14.001,0.000,123.050,0.000,0.064,11.900,21.326,0.000,51.208,122.997,149.427,0.079,12.352,21.058,0.905,51.001,0.000,0.000,0.000,0.000,0.000,0.000,0.000,29.000,2.000,2024.000,9.000,9.000,21.000
