20.000,26.352,1007.730,13.120,1.226,61.766,10.037,114072.664,0.000,0.000,0.000,0.000,14.001,0.000,30.750,0.000,0.027,0.322,17.905,0.000,37.776,30.720,-60.039,0.030,0.262,18.705,0.390,36.709,0.000,0.000,0.000,0.000,0.000,0.000,0.000,29.000,2.000,2024.000,9.000,38.000,50.000
20.000,26.350,1007.731,13.120,1.226,61.762,10.036,114068.425,0.000,0.000,0.000,0.000,14.001,0.000,30.775,0.000,0.017,0.240,17.905,0.000,37.766,30.712,-62.127,0.032,0.387,18.705,0.695,36.733,0.000,0.000,0.000,0.000,0.000,0.000,0.000,29.000,2.000,2024.000,9.000,38.000,50.000
20.000,26.350,1007.731,13.120,1.226,61.762,10.036,114068.425,0.000,0.000,0.000,0.000,14.001,0.000,30.762,0.000,0.019,0.245,17.923,0.000,37.731,30.730,-63.667,0.032,0.234,18.758,0.319,36.684,0.000,0.000,0.000,0.000,0.000,0.000,0.000,29.000,2.000,2024.000,9.000,38.000,50.000
20.000,26.348,1007.733,13.120,1.226,61.757,10.036,114064.243,0.000,0.000,0.000,0.000,14.001,0.000,30.766,0.000,0.024,0.196,17.923,0.000,37.721,30.736,-65.096,0.040,0.349,18.758,0.384,36.691,0.000,0.000,0.000,0.000,0.000,0.000,0.000,29.000,2.000,2024.000,9.000,38.000,50.000
20.000,26.348,1007.733,13.120,1.226,61.757,10.036,114064.243,0.000,0.000,0.000,0.000,14.001,0.000,30.753,0.000,0.013,0.365,17.914,0.000,37.766,30.770,-64.880,0.029,0.485,18.727,0.186,36.677,0.000,0.000,0.000,0.000,0.000,0.000,0.000,29.000,2.000,2024.000,9.000,38.000,50.000
20.000,26.351,1007.734,13.120,1.226,61.764,10.036,114070.742,0.000,0.000,0.000,0.000,14.001,0.000,30.732,0.000,0.018,0.365,17.912,0.000,37.763,30.770,-64.100,0.033,0.245,18.724,0.441,36.709,0.000,0.000,0.000,0.000,0.000,0.000,0.000,29.000,2.000,2024.000,9.000,38.000,51.000
20.000,26.351,1007.734,13.120,1.226,61.764,10.036,114070.742,0.000,0.000,0.000,0.000,14.001,0.000,30.731,0.000,0.024,0.082,17.911,0.000,37.714,30.759,-62.593,0.024,0.338,18.747,0.295,36.691,0.000,0.000,0.000,0.000,0.000,0.000,0.000,29.000,2.000,2024.000,9.000,38.000,51.000
20.000,26.356,1007.735,13.120,1.226,61.776,10.037,114081.536,0.000,0.000,0.000,0.000,14.001,0.000,30.753,0.000,0.023,0.360,17.911,0.000,37.776,30.764,-62.008,0.033,0.431,18.753,0.149,36.684,0.000,0.000,0.000,0.000,0.000,0.000,0.000,29.000,2.000,2024.000,9.000,38.000,51.000
20.000,26.356,1007.735,13.120,1.226,61.776,10.037,114081.536,0.000,0.000,0.000,0.000,14.001,0.000,30.754,0.000,0.024,0.545,17.916,0.000,37.801,30.786,-61.341,0.026,0.289,18.727,0.406,36.677,0.000,0.000,0.000,0.000,0.000,0.000,0.000,29.000,2.000,2024.000,9.000,38.000,51.000
20.000,26.362,1007.735,13.120,1.226,61.790,10.039,114094.419,0.000,0.000,0.000,0.000,14.001,0.000,30.754,0.000,0.018,0.316,17.918,0.000,37.738,30.757,-60.394,0.030,0.196,18.717,0.078,36.702,0.000,0.000,0.000,0.000,0.000,0.000,0.000,29.000,2.000,2024.000,9.000,38.000,51.000
20.000,26.362,1007.735,13.120,1.226,61.790,10.039,114094.419,0.000,0.000,0.000,0.000,14.001,0.000,30.741,0.000,0.027,0.300,17.908,0.000,37.748,30.723,-60.824,0.037,0.349,18.725,0.194,36.726,0.000,0.000,0.000,0.000,0.000,0.000,0.000,29.000,2.000,2024.000,9.000,38.000,51.000
20.000,26.365,1007.736,13.120,1.226,61.797,10.039,114100.917,0.000,0.000,0.000,0.000,14.001,0.000,30.751,0.000,0.019,0.436,17.901,0.000,37.791,30.750,-61.140,0.025,0.398,18.731,0.064,36.709,0.000,0.000,0.000,0.000,0.000,0.000,0.000,29.000,2.000,2024.000,9.000,38.000,51.000
20.000,26.365,1007.736,13.120,1.226,61.797,10.039,114100.917,0.000,0.000,0.000,0.000,14.001,0.000,30.764,0.000,0.016,0.425,17.910,0.000,37.759,30.775,-60.809,0.030,0.393,18.737,0.118,36.667,0.000,0.000,0.000,0.000,0.000,0.000,0.000,29.000,2.000,2024.000,9.000,38.000,51.000
20.000,26.365,1007.736,13.120,1.226,61.797,10.039,114100.917,0.000,0.000,0.000,0.000,14.001,0.000,30.772,0.000,0.023,0.344,17.918,0.000,37.724,30.731,-61.252,0.039,0.322,18.743,0.493,36.688,0.000,0.000,0.000,0.000,0.000,0.000,0.000,29.000,2.000,2024.000,9.000,38.000,51.000
20.000,26.368,1007.736,13.120,1.226,61.804,10.040,114107.358,0.000,0.000,0.000,0.000,14.001,0.000,30.750,0.000,0.023,0.485,17.909,0.000,37.791,30.741,-62.490,0.030,0.278,18.729,0.112,36.670,0.000,0.000,0.000,0.000,0.000,0.000,0.000,29.000,2.000,2024.000,9.000,38.000,51.000
20.000,26.368,1007.736,13.120,1.226,61.804,10.040,114107.358,0.000,0.000,0.000,0.000,14.001,0.000,30.764,0.000,0.023,0.294,17.896,0.000,37.738,30.748,-62.751,0.029,0.305,18.706,0.167,36.705,0.000,0.000,0.000,0.000,0.000,0.000,0.000,29.000,2.000,2024.000,9.000,38.000,52.000
20.000,26.367,1007.736,13.120,1.226,61.801,10.039,114105.211,0.000,0.000,0.000,0.000,14.001,0.000,30.757,0.000,0.029,0.316,17.907,0.000,37.731,30.719,-63.850,0.038,0.496,18.719,0.421,36.775,0.000,0.000,0.000,0.000,0.000,0.000,0.000,29.000,2.000,2024.000,9.000,38.000,52.000
20.000,26.367,1007.736,13.120,1.226,61.801,10.039,114105.211,0.000,0.000,0.000,0.000,14.001,0.000,30.740,0.000,0.028,0.196,17.932,0.000,37.780,30.727,-64.614,0.027,0.262,18.748,0.101,36.719,0.000,0.000,0.000,0.000,0.000,0.000,0.000,29.000,2.000,2024.000,9.000,38.000,52.000
20.000,26.370,1007.734,13.120,1.226,61.808,10.040,114111.538,0.000,0.000,0.000,0.000,14.001,0.000,30.774,0.000,0.020,0.464,17.922,0.000,37.731,30.717,-66.012,0.032,0.431,18.737,0.676,36.733,0.000,0.000,0.000,0.000,0.000,0.000,0.000,29.000,2.000,2024.000,9.000,38.000,52.000
20.000,26.370,1007.734,13.120,1.226,61.808,10.040,114111.538,0.000,0.000,0.000,0.000,14.001,0.000,30.769,0.000,0.023,0.333,17.882,0.000,37.727,30.775,-66.972,0.027,0.180,18.691,0.091,36.719,0.000,0.000,0.000,0.000,0.000,0.000,0.000,29.000,2.000,2024.000,9.000,38.000,52.000
20.000,26.364,1007.733,13.120,1.226,61.794,10.039,114098.600,0.000,0.000,0.000,0.000,14.001,0.000,30.785,0.000,0.018,0.349,17.884,0.000,37.770,30.801,-66.464,0.023,0.338,18.698,0.173,36.691,0.000,0.000,0.000,0.000,0.000,0.000,0.000,29.000,2.000,2024.000,9.000,38.000,52.000
20.000,26.364,1007.733,13.120,1.226,61.794,10.039,114098.600,0.000,0.000,0.000,0.000,14.001,0.000,30.757,0.000,0.028,0.398,17.901,0.000,37.738,30.784,-65.809,0.027,0.453,18.760,0.270,36.674,0.000,0.000,0.000,0.000,0.000,0.000,0.000,29.000,2.000,2024.000,9.000,38.000,52.000
20.000,26.362,1007.733,13.120,1.226,61.790,10.039,114094.306,0.000,0.000,0.000,0.000,14.001,0.000,30.736,0.000,0.020,0.147,17.901,0.000,37.755,30.804,-63.799,0.029,0.305,18.760,0.705,36.726,0.000,0.000,0.000,0.000,0.000,0.000,0.000,29.000,2.000,2024.000,9.000,38.000,52.000
20.000,26.362,1007.733,13.120,1.226,61.790,10.039,114094.306,0.000,0.000,0.000,0.000,14.001,0.000,30.732,0.000,0.012,0.251,17.906,0.000,37.780,30.790,-61.461,0.028,0.300,18.698,0.630,36.660,0.000,0.000,0.000,0.000,0.000,0.000,0.000,29.000,2.000,2024.000,9.000,38.000,52.000
20.000,26.357,1007.731,13.120,1.226,61.778,10.038,114083.457,0.000,0.000,0.000,0.000,14.001,0.000,30.729,0.000,0.020,0.333,17.906,0.000,37.770,30.752,-60.113,0.034,0.011,18.698,0.192,36.649,0.000,0.000,0.000,0.000,0.000,0.000,0.000,29.000,2.000,2024.000,9.000,38.000,52.000
20.000,26.357,1007.731,13.120,1.226,61.778,10.038,114083.457,0.000,0.000,0.000,0.000,14.001,0.000,30.750,0.000,0.015,0.327,17.924,0.000,37.766,30.768,-59.270,0.031,0.305,18.767,0.149,36.737,0.000,0.000,0.000,0.000,0.000,0.000,0.000,29.000,2.000,2024.000,9.000,38.000,53.000
20.000,26.359,1007.730,13.120,1.226,61.783,10.038,114087.695,0.000,0.000,0.000,0.000,14.001,0.000,30.789,0.000,0.014,0.311,17.926,0.000,37.766,30.792,-58.996,0.029,0.234,18.774,0.081,36.684,0.000,0.000,0.000,0.000,0.000,0.000,0.000,29.000,2.000,2024.000,9.000,38.000,53.000
20.000,26.359,1007.730,13.120,1.226,61.783,10.038,114087.695,0.000,0.000,0.000,0.000,14.001,0.000,30.801,0.000,0.017,0.480,17.899,0.000,37.752,30.770,-59.494,0.022,0.409,18.706,0.335,36.656,0.000,0.000,0.000,0.000,0.000,0.000,0.000,29.000,2.000,2024.000,9.000,38.000,53.000
20.000,26.359,1007.730,13.120,1.226,61.783,10.038,114087.695,0.000,0.000,0.000,0.000,14.001,0.000,30.779,0.000,0.019,0.496,17.892,0.000,37.727,30.763,-60.310,0.031,0.404,18.689,0.156,36.712,0.000,0.000,0.000,0.000,0.000,0.000,0.000,29.000,2.000,2024.000,9.000,38.000,53.000
20.000,26.357,1007.728,13.120,1.226,61.778,10.038,114083.287,0.000,0.000,0.000,0.000,14.001,0.000,30.766,0.000,0.023,0.365,17.908,0.000,37.738,30.710,-61.414,0.030,0.360,18.734,0.657,36.709,0.000,0.000,0.000,0.000,0.000,0.000,0.000,29.000,2.000,2024.000,9.000,38.000,53.000
20.000,26.357,1007.728,13.120,1.226,61.778,10.038,114083.287,0.000,0.000,0.000,0.000,14.001,0.000,30.786,0.000,0.013,0.174,17.915,0.000,37.734,30.741,-63.460,0.027,0.044,18.753,0.501,36.670,0.000,0.000,0.000,0.000,0.000,0.000,0.000,29.000,2.000,2024.000,9.000,38.000,53.000
20.000,26.351,1007.729,13.120,1.226,61.764,10.036,114070.459,0.000,0.000,0.000,0.000,14.001,0.000,30.782,0.000,0.017,0.469,17.898,0.000,37.745,30.773,-64.558,0.033,0.229,18.718,0.105,36.716,0.000,0.000,0.000,0.000,0.000,0.000,0.000,29.000,2.000,2024.000,9.000,38.000,53.000
20.000,26.351,1007.729,13.120,1.226,61.764,10.036,114070.459,0.000,0.000,0.000,0.000,14.001,0.000,30.768,0.000,0.022,0.464,17.887,0.000,37.734,30.781,-64.530,0.029,0.447,18.694,0.156,36.698,0.000,0.000,0.000,0.000,0.000,0.000,0.000,29.000,2.000,2024.000,9.000,38.000,53.000
20.000,26.347,1007.729,13.120,1.226,61.755,10.036,114061.869,0.000,0.000,0.000,0.000,14.001,0.000,30.768,0.000,0.016,0.333,17.899,0.000,37.734,30.778,-63.816,0.025,0.464,18.709,0.150,36.649,0.000,0.000,0.000,0.000,0.000,0.000,0.000,29.000,2.000,2024.000,9.000,38.000,53.000
20.000,26.347,1007.729,13.120,1.226,61.755,10.036,114061.869,0.000,0.000,0.000,0.000,14.001,0.000,30.781,0.000,0.017,0.273,17.911,0.000,37.738,30.755,-64.333,0.030,0.349,18.724,0.294,36.737,0.000,0.000,0.000,0.000,0.000,0.000,0.000,29.000,2.000,2024.000,9.000,38.000,53.000
20.000,26.350,1007.729,13.120,1.226,61.762,10.036,114068.312,0.000,0.000,0.000,0.000,14.001,0.000,30.770,0.000,0.025,0.322,17.913,0.000,37.738,30.750,-65.084,0.042,0.524,18.725,0.213,36.747,0.000,0.000,0.000,0.000,0.000,0.000,0.000,29.000,2.000,2024.000,9.000,38.000,54.000
20.000,26.350,1007.729,13.120,1.226,61.762,10.036,114068.312,0.000,0.000,0.000,0.000,14.001,0.000,30.727,0.000,0.028,0.262,17.915,0.000,37.748,30.764,-64.979,0.036,0.371,18.727,0.458,36.670,0.000,0.000,0.000,0.000,0.000,0.000,0.000,29.000,2.000,2024.000,9.000,38.000,54.000
20.000,26.354,1007.726,13.120,1.226,61.771,10.037,114076.732,0.000,0.000,0.000,0.000,14.001,0.000,30.699,0.000,0.014,0.409,17.908,0.000,37.797,30.781,-62.435,0.026,0.289,18.717,0.854,36.716,0.000,0.000,0.000,0.000,0.000,0.000,0.000,29.000,2.000,2024.000,9.000,38.000,54.000
20.000,26.354,1007.726,13.120,1.226,61.771,10.037,114076.732,0.000,0.000,0.000,0.000,14.001,0.000,30.722,0.000,0.017,0.234,17.891,0.000,37.763,30.766,-60.143,0.036,0.278,18.692,0.421,36.677,0.000,0.000,0.000,0.000,0.000,0.000,0.000,29.000,2.000,2024.000,9.000,38.000,54.000
20.000,26.359,1007.724,13.120,1.226,61.783,10.038,114087.355,0.000,0.000,0.000,0.000,14.001,0.000,30.731,0.000,0.020,0.404,17.887,0.000,37.773,30.745,-59.142,0.027,0.180,18.699,0.101,36.670,0.000,0.000,0.000,0.000,0.000,0.000,0.000,29.000,2.000,2024.000,9.000,38.000,54.000
20.000,26.359,1007.724,13.120,1.226,61.783,10.038,114087.355,0.000,0.000,0.000,0.000,14.001,0.000,30.769,0.000,0.024,0.409,17.871,0.000,37.780,30.745,-59.386,0.034,0.387,18.726,0.348,36.758,0.000,0.000,0.000,0.000,0.000,0.000,0.000,29.000,2.000,2024.000,9.000,38.000,54.000
20.000,26.359,1007.724,13.120,1.226,61.783,10.038,114087.355,0.000,0.000,0.000,0.000,14.001,0.000,30.765,0.000,0.032,0.322,17.872,0.000,37.738,30.799,-59.604,0.035,0.398,18.723,0.440,36.660,0.000,0.000,0.000,0.000,0.000,0.000,0.000,29.000,2.000,2024.000,9.000,38.000,54.000
20.000,26.357,1007.723,13.100,1.226,61.778,10.037,114093.194,0.000,0.000,0.000,0.000,14.001,0.000,30.758,0.000,0.025,0.196,17.885,0.000,37.763,30.766,-58.379,0.028,0.333,18.691,0.090,36.642,0.000,0.000,0.000,0.000,0.000,0.000,0.000,29.000,2.000,2024.000,9.000,38.000,54.000
20.000,26.357,1007.723,13.100,1.226,61.778,10.037,114093.194,0.000,0.000,0.000,0.000,14.001,0.000,30.748,0.000,0.025,0.278,17.885,0.000,37.773,30.757,-58.009,0.032,0.300,18.691,0.144,36.712,0.000,0.000,0.000,0.000,0.000,0.000,0.000,29.000,2.000,2024.000,9.000,38.000,54.000
20.000,26.354,1007.724,13.120,1.226,61.771,10.037,114076.619,0.000,0.000,0.000,0.000,14.001,0.000,30.782,0.000,0.022,0.349,17.887,0.000,37.727,30.722,-59.101,0.026,0.344,18.736,0.644,36.691,0.000,0.000,0.000,0.000,0.000,0.000,0.000,29.000,2.000,2024.000,9.000,38.000,54.000
20.000,26.354,1007.724,13.120,1.226,61.771,10.037,114076.619,0.000,0.000,0.000,0.000,14.001,0.000,30.780,0.000,0.019,0.169,17.887,0.000,37.763,30.729,-61.161,0.035,0.234,18.736,0.524,36.719,0.000,0.000,0.000,0.000,0.000,0.000,0.000,29.000,2.000,2024.000,9.000,38.000,55.000
20.000,26.356,1007.725,13.100,1.226,61.776,10.037,114091.159,0.000,0.000,0.000,0.000,14.001,0.000,30.754,0.000,0.020,0.551,17.873,0.000,37.763,30.743,-62.351,0.030,0.365,18.656,0.181,36.740,0.000,0.000,0.000,0.000,0.000,0.000,0.000,29.000,2.000,2024.000,9.000,38.000,55.000
20.000,26.356,1007.725,13.100,1.226,61.776,10.037,114091.159,0.000,0.000,0.000,0.000,14.001,0.000,30.728,0.000,0.023,0.464,17.872,0.000,37.731,30.774,-61.462,0.029,0.436,18.647,0.540,36.670,0.000,0.000,0.000,0.000,0.000,0.000,0.000,29.000,2.000,2024.000,9.000,38.000,55.000
20.000,26.355,1007.726,13.120,1.226,61.773,10.037,114078.879,0.000,0.000,0.000,0.000,14.001,0.000,30.754,0.000,0.012,0.387,17.887,0.000,37.759,30.782,-60.216,0.031,0.158,18.727,0.318,36.667,0.000,0.000,0.000,0.000,0.000,0.000,0.000,29.000,2.000,2024.000,9.000,38.000,55.000
20.000,26.355,1007.726,13.120,1.226,61.773,10.037,114078.879,0.000,0.000,0.000,0.000,14.001,0.000,30.782,0.000,0.018,0.267,17.891,0.000,37.766,30.792,-59.382,0.027,0.284,18.746,0.126,36.695,0.000,0.000,0.000,0.000,0.000,0.000,0.000,29.000,2.000,2024.000,9.000,38.000,55.000
20.000,26.354,1007.724,13.120,1.226,61.771,10.037,114076.619,0.000,0.000,0.000,0.000,14.001,0.000,30.774,0.000,0.021,0.311,17.870,0.000,37.734,30.755,-59.683,0.035,0.605,18.697,0.296,36.751,0.000,0.000,0.000,0.000,0.000,0.000,0.000,29.000,2.000,2024.000,9.000,38.000,55.000
20.000,26.354,1007.724,13.120,1.226,61.771,10.037,114076.619,0.000,0.000,0.000,0.000,14.001,0.000,30.781,0.000,0.021,0.338,17.861,0.000,37.731,30.772,-60.069,0.025,0.425,18.676,0.134,36.670,0.000,0.000,0.000,0.000,0.000,0.000,0.000,29.000,2.000,2024.000,9.000,38.000,55.000
20.000,26.354,1007.727,13.100,1.226,61.771,10.037,114086.978,0.000,0.000,0.000,0.000,14.001,0.000,30.772,0.000,0.028,0.333,17.871,0.000,37.770,30.761,-60.740,0.036,0.284,18.711,0.172,36.698,0.000,0.000,0.000,0.000,0.000,0.000,0.000,29.000,2.000,2024.000,9.000,38.000,55.000
20.000,26.354,1007.727,13.100,1.226,61.771,10.037,114086.978,0.000,0.000,0.000,0.000,14.001,0.000,30.773,0.000,0.023,0.333,17.878,0.000,37.703,30.740,-61.302,0.029,0.322,18.735,0.401,36.702,0.000,0.000,0.000,0.000,0.000,0.000,0.000,29.000,2.000,2024.000,9.000,38.000,55.000
20.000,26.354,1007.727,13.100,1.226,61.771,10.037,114086.978,0.000,0.000,0.000,0.000,14.001,0.000,30.768,0.000,0.021,0.120,17.873,0.000,37.742,30.727,-62.502,0.032,0.300,18.703,0.472,36.719,0.000,0.000,0.000,0.000,0.000,0.000,0.000,29.000,2.000,2024.000,9.000,38.000,55.000
20.000,26.353,1007.725,13.100,1.226,61.769,10.037,114084.717,0.000,0.000,0.000,0.000,14.001,0.000,30.755,0.000,0.037,0.496,17.867,0.000,37.738,30.770,-63.704,0.040,0.229,18.670,0.389,36.691,0.000,0.000,0.000,0.000,0.000,0.000,0.000,29.000,2.000,2024.000,9.000,38.000,56.000
20.000,26.353,1007.725,13.100,1.226,61.769,10.037,114084.717,0.000,0.000,0.000,0.000,14.001,0.000,30.744,0.000,0.021,0.442,17.881,0.000,37.763,30.769,-62.340,0.030,0.567,18.687,0.228,36.705,0.000,0.000,0.000,0.000,0.000,0.000,0.000,29.000,2.000,2024.000,9.000,38.000,56.000
20.000,26.349,1007.724,13.120,1.226,61.760,10.036,114065.881,0.000,0.000,0.000,0.000,14.001,0.000,30.752,0.000,0.015,0.513,17.901,0.000,37.731,30.784,-61.467,0.026,0.442,18.713,0.382,36.684,0.000,0.000,0.000,0.000,0.000,0.000,0.000,29.000,2.000,2024.000,9.000,38.000,56.000
20.000,26.349,1007.724,13.120,1.226,61.760,10.036,114065.881,0.000,0.000,0.000,0.000,14.001,0.000,30.769,0.000,0.017,0.262,17.896,0.000,37.776,30.788,-60.259,0.025,0.322,18.710,0.233,36.695,0.000,0.000,0.000,0.000,0.000,0.000,0.000,29.000,2.000,2024.000,9.000,38.000,56.000
20.000,26.351,1007.726,13.100,1.226,61.764,10.036,114080.478,0.000,0.000,0.000,0.000,14.001,0.000,30.750,0.000,0.021,0.305,17.884,0.000,37.745,30.757,-59.617,0.036,0.273,18.703,0.234,36.709,0.000,0.000,0.000,0.000,0.000,0.000,0.000,29.000,2.000,2024.000,9.000,38.000,56.000
20.000,26.351,1007.726,13.100,1.226,61.764,10.036,114080.478,0.000,0.000,0.000,0.000,14.001,0.000,30.761,0.000,0.022,0.360,17.884,0.000,37.742,30.693,-60.841,0.039,0.513,18.704,0.713,36.779,0.000,0.000,0.000,0.000,0.000,0.000,0.000,29.000,2.000,2024.000,9.000,38.000,56.000
20.000,26.355,1007.725,13.100,1.226,61.773,10.037,114089.012,0.000,0.000,0.000,0.000,14.001,0.000,30.735,0.000,0.025,0.420,17.885,0.000,37.776,30.706,-62.995,0.038,0.436,18.709,0.389,36.712,0.000,0.000,0.000,0.000,0.000,0.000,0.000,29.000,2.000,2024.000,9.000,38.000,56.000
20.000,26.355,1007.725,13.100,1.226,61.773,10.037,114089.012,0.000,0.000,0.000,0.000,14.001,0.000,30.715,0.000,0.017,0.322,17.886,0.000,37.770,30.740,-62.851,0.032,0.305,18.708,0.285,36.691,0.000,0.000,0.000,0.000,0.000,0.000,0.000,29.000,2.000,2024.000,9.000,38.000,56.000
20.000,26.353,1007.724,13.100,1.226,61.769,10.037,114084.660,0.000,0.000,0.000,0.000,14.001,0.000,30.743,0.000,0.023,0.322,17.894,0.000,37.766,30.762,-61.638,0.026,0.224,18.698,0.194,36.723,0.000,0.000,0.000,0.000,0.000,0.000,0.000,29.000,2.000,2024.000,9.000,38.000,56.000
20.000,26.353,1007.724,13.100,1.226,61.769,10.037,114084.660,0.000,0.000,0.000,0.000,14.001,0.000,30.755,0.000,0.017,0.229,17.894,0.000,37.780,30.741,-61.602,0.032,0.284,18.698,0.214,36.740,0.000,0.000,0.000,0.000,0.000,0.000,0.000,29.000,2.000,2024.000,9.000,38.000,56.000
20.000,26.351,1007.724,13.120,1.226,61.764,10.036,114070.177,0.000,0.000,0.000,0.000,14.001,0.000,30.782,0.000,0.017,0.502,17.866,0.000,37.759,30.741,-62.622,0.033,0.425,18.659,0.435,36.698,0.000,0.000,0.000,0.000,0.000,0.000,0.000,29.000,2.000,2024.000,9.000,38.000,57.000
20.000,26.351,1007.724,13.120,1.226,61.764,10.036,114070.177,0.000,0.000,0.000,0.000,14.001,0.000,30.757,0.000,0.025,0.398,17.866,0.000,37.727,30.708,-64.517,0.025,0.436,18.659,0.537,36.723,0.000,0.000,0.000,0.000,0.000,0.000,0.000,29.000,2.000,2024.000,9.000,38.000,57.000
20.000,26.351,1007.724,13.120,1.226,61.764,10.036,114070.177,0.000,0.000,0.000,0.000,14.001,0.000,30.748,0.000,0.024,0.251,17.877,0.000,37.783,30.748,-65.446,0.039,0.344,18.702,0.103,36.695,0.000,0.000,0.000,0.000,0.000,0.000,0.000,29.000,2.000,2024.000,9.000,38.000,57.000
20.000,26.349,1007.724,13.100,1.226,61.760,10.036,114076.069,0.000,0.000,0.000,0.000,14.001,0.000,30.762,0.000,0.019,0.234,17.878,0.000,37.752,30.775,-65.019,0.034,0.038,18.707,0.106,36.660,0.000,0.000,0.000,0.000,0.000,0.000,0.000,29.000,2.000,2024.000,9.000,38.000,57.000
20.000,26.349,1007.724,13.100,1.226,61.760,10.036,114076.069,0.000,0.000,0.000,0.000,14.001,0.000,30.737,0.000,0.017,0.305,17.864,0.000,37.766,30.758,-64.337,0.024,0.289,18.673,0.217,36.737,0.000,0.000,0.000,0.000,0.000,0.000,0.000,29.000,2.000,2024.000,9.000,38.000,57.000
20.000,26.348,1007.726,13.100,1.226,61.757,10.036,114074.035,0.000,0.000,0.000,0.000,14.001,0.000,30.742,0.000,0.019,0.349,17.861,0.000,37.787,30.754,-63.825,0.028,0.333,18.665,0.133,36.719,0.000,0.000,0.000,0.000,0.000,0.000,0.000,29.000,2.000,2024.000,9.000,38.000,57.000
20.000,26.348,1007.726,13.100,1.226,61.757,10.036,114074.035,0.000,0.000,0.000,0.000,14.001,0.000,30.720,0.000,0.018,0.311,17.870,0.000,37.787,30.724,-63.577,0.026,0.311,18.703,0.058,36.709,0.000,0.000,0.000,0.000,0.000,0.000,0.000,29.000,2.000,2024.000,9.000,38.000,57.000
20.000,26.347,1007.725,13.100,1.226,61.755,10.035,114071.830,0.000,0.000,0.000,0.000,14.001,0.000,30.745,0.000,0.017,0.404,17.875,0.000,37.773,30.756,-63.325,0.025,0.267,18.719,0.151,36.737,0.000,0.000,0.000,0.000,0.000,0.000,0.000,29.000,2.000,2024.000,9.000,38.000,57.000
20.000,26.347,1007.725,13.100,1.226,61.755,10.035,114071.830,0.000,0.000,0.000,0.000,14.001,0.000,30.759,0.000,0.022,0.485,17.859,0.000,37.773,30.723,-63.558,0.035,0.671,18.678,0.380,36.786,0.000,0.000,0.000,0.000,0.000,0.000,0.000,29.000,2.000,2024.000,9.000,38.000,57.000
20.000,26.351,1007.728,13.100,1.226,61.764,10.036,114080.591,0.000,0.000,0.000,0.000,14.001,0.000,30.786,0.000,0.022,0.382,17.848,0.000,37.780,30.728,-65.396,0.033,0.469,18.651,0.614,36.712,0.000,0.000,0.000,0.000,0.000,0.000,0.000,29.000,2.000,2024.000,9.000,38.000,57.000
20.000,26.351,1007.728,13.100,1.226,61.764,10.036,114080.591,0.000,0.000,0.000,0.000,14.001,0.000,30.771,0.000,0.020,0.300,17.857,0.000,37.770,30.748,-66.989,0.033,0.267,18.688,0.262,36.744,0.000,0.000,0.000,0.000,0.000,0.000,0.000,29.000,2.000,2024.000,9.000,38.000,58.000
20.000,26.354,1007.728,13.100,1.226,61.771,10.037,114087.034,0.000,0.000,0.000,0.000,14.001,0.000,30.792,0.000,0.016,0.218,17.866,0.000,37.745,30.755,-67.636,0.035,0.294,18.725,0.433,36.737,0.000,0.000,0.000,0.000,0.000,0.000,0.000,29.000,2.000,2024.000,9.000,38.000,58.000
20.000,26.354,1007.728,13.100,1.226,61.771,10.037,114087.034,0.000,0.000,0.000,0.000,14.001,0.000,30.764,0.000,0.020,0.611,17.860,0.000,37.791,30.752,-68.749,0.029,0.524,18.697,0.116,36.688,0.000,0.000,0.000,0.000,0.000,0.000,0.000,29.000,2.000,2024.000,9.000,38.000,58.000
20.000,26.352,1007.726,13.100,1.226,61.766,10.036,114082.626,0.000,0.000,0.000,0.000,14.001,0.000,30.757,0.000,0.020,0.393,17.850,0.000,37.759,30.755,-69.066,0.039,0.393,18.655,0.166,36.768,0.000,0.000,0.000,0.000,0.000,0.000,0.000,29.000,2.000,2024.000,9.000,38.000,58.000
20.000,26.352,1007.726,13.100,1.226,61.766,10.036,114082.626,0.000,0.000,0.000,0.000,14.001,0.000,30.739,0.000,0.015,0.338,17.855,0.000,37.783,30.777,-68.369,0.029,0.616,18.677,0.368,36.758,0.000,0.000,0.000,0.000,0.000,0.000,0.000,29.000,2.000,2024.000,9.000,38.000,58.000
20.000,26.350,1007.725,13.100,1.226,61.762,10.036,114078.274,0.000,0.000,0.000,0.000,14.001,0.000,30.752,0.000,0.019,0.234,17.866,0.000,37.776,30.766,-67.547,0.038,0.316,18.728,0.170,36.712,0.000,0.000,0.000,0.000,0.000,0.000,0.000,29.000,2.000,2024.000,9.000,38.000,58.000
20.000,26.350,1007.725,13.100,1.226,61.762,10.036,114078.274,0.000,0.000,0.000,0.000,14.001,0.000,30.749,0.000,0.019,0.311,17.863,0.000,37.759,30.797,-65.951,0.035,0.207,18.714,0.557,36.709,0.000,0.000,0.000,0.000,0.000,0.000,0.000,29.000,2.000,2024.000,9.000,38.000,58.000
20.000,26.350,1007.725,13.100,1.226,61.762,10.036,114078.274,0.000,0.000,0.000,0.000,14.001,0.000,30.758,0.000,0.016,0.305,17.854,0.000,37.766,30.760,-65.261,0.033,0.311,18.658,0.092,36.758,0.000,0.000,0.000,0.000,0.000,0.000,0.000,29.000,2.000,2024.000,9.000,38.000,58.000
20.000,26.348,1007.728,13.100,1.226,61.757,10.036,114074.148,0.000,0.000,0.000,0.000,14.001,0.000,30.725,0.000,0.017,0.305,17.856,0.000,37.773,30.750,-64.968,0.039,0.485,18.661,0.280,36.663,0.000,0.000,0.000,0.000,0.000,0.000,0.000,29.000,2.000,2024.000,9.000,38.000,58.000
20.000,26.348,1007.728,13.100,1.226,61.757,10.036,114074.148,0.000,0.000,0.000,0.000,14.001,0.000,30.757,0.000,0.016,0.240,17.869,0.000,37.773,30.781,-63.827,0.035,0.316,18.685,0.252,36.747,0.000,0.000,0.000,0.000,0.000,0.000,0.000,29.000,2.000,2024.000,9.000,38.000,58.000
20.000,26.346,1007.728,13.100,1.226,61.753,10.035,114069.852,0.000,0.000,0.000,0.000,14.001,0.000,30.761,0.000,0.020,0.300,17.869,0.000,37.773,30.785,-63.023,0.030,0.485,18.685,0.315,36.754,0.000,0.000,0.000,0.000,0.000,0.000,0.000,29.000,2.000,2024.000,9.000,38.000,59.000
20.000,26.346,1007.728,13.100,1.226,61.753,10.035,114069.852,0.000,0.000,0.000,0.000,14.001,0.000,30.745,0.000,0.017,0.300,17.848,0.000,37.755,30.757,-62.425,0.026,0.338,18.658,0.179,36.695,0.000,0.000,0.000,0.000,0.000,0.000,0.000,29.000,2.000,2024.000,9.000,38.000,59.000
20.000,26.342,1007.730,13.100,1.226,61.743,10.034,114061.374,0.000,0.000,0.000,0.000,14.001,0.000,30.763,0.000,0.021,0.284,17.848,0.000,37.780,30.757,-62.274,0.037,0.327,18.658,0.061,36.733,0.000,0.000,0.000,0.000,0.000,0.000,0.000,29.000,2.000,2024.000,9.000,38.000,59.000
20.000,26.342,1007.730,13.100,1.226,61.743,10.034,114061.374,0.000,0.000,0.000,0.000,14.001,0.000,30.751,0.000,0.019,0.409,17.859,0.000,37.780,30.778,-61.954,0.031,0.262,18.680,0.357,36.733,0.000,0.000,0.000,0.000,0.000,0.000,0.000,29.000,2.000,2024.000,9.000,38.000,59.000
20.000,26.346,1007.732,13.100,1.226,61.753,10.035,114070.079,0.000,0.000,0.000,0.000,14.001,0.000,30.736,0.000,0.017,0.262,17.861,0.000,37.759,30.778,-60.547,0.029,0.251,18.682,0.494,36.684,0.000,0.000,0.000,0.000,0.000,0.000,0.000,29.000,2.000,2024.000,9.000,38.000,59.000
20.000,26.346,1007.732,13.100,1.226,61.753,10.035,114070.079,0.000,0.000,0.000,0.000,14.001,0.000,30.773,0.000,0.019,0.469,17.877,0.000,37.783,30.751,-60.159,0.034,0.393,18.696,0.224,36.765,0.000,0.000,0.000,0.000,0.000,0.000,0.000,29.000,2.000,2024.000,9.000,38.000,59.000
20.000,26.350,1007.729,13.100,1.226,61.762,10.036,114078.500,0.000,0.000,0.000,0.000,14.001,0.000,30.800,0.000,0.016,0.278,17.881,0.000,37.742,30.756,-61.438,0.031,0.338,18.700,0.529,36.719,0.000,0.000,0.000,0.000,0.000,0.000,0.000,29.000,2.000,2024.000,9.000,38.000,59.000
20.000,26.350,1007.729,13.100,1.226,61.762,10.036,114078.500,0.000,0.000,0.000,0.000,14.001,0.000,30.797,0.000,0.018,0.365,17.862,0.000,37.731,30.776,-62.615,0.033,0.322,18.667,0.284,36.695,0.000,0.000,0.000,0.000,0.000,0.000,0.000,29.000,2.000,2024.000,9.000,38.000,59.000
20.000,26.354,1007.732,13.100,1.226,61.771,10.037,114087.261,0.000,0.000,0.000,0.000,14.001,0.000,30.796,0.000,0.020,0.229,17.854,0.000,37.734,30.772,-63.555,0.030,0.169,18.653,0.303,36.684,0.000,0.000,0.000,0.000,0.000,0.000,0.000,29.000,2.000,2024.000,9.000,38.000,59.000
20.000,26.354,1007.732,13.100,1.226,61.771,10.037,114087.261,0.000,0.000,0.000,0.000,14.001,0.000,30.787,0.000,0.026,0.240,17.850,0.000,37.763,30.773,-64.217,0.032,0.234,18.687,0.175,36.726,0.000,0.000,0.000,0.000,0.000,0.000,0.000,29.000,2.000,2024.000,9.000,38.000,59.000
20.000,26.354,1007.732,13.100,1.226,61.771,10.037,114087.261,0.000,0.000,0.000,0.000,14.001,0.000,30.737,0.000,0.026,0.404,17.847,0.000,37.714,30.774,-63.726,0.032,0.273,18.710,0.437,36.695,0.000,0.000,0.000,0.000,0.000,0.000,0.000,29.000,2.000,2024.000,9.000,39.000,0.000
20.000,26.356,1007.733,13.100,1.226,61.776,10.037,114091.612,0.000,0.000,0.000,0.000,14.001,0.000,30.755,0.000,0.034,0.049,17.851,0.000,37.710,30.751,-62.837,0.024,0.376,18.690,0.190,36.695,0.000,0.000,0.000,0.000,0.000,0.000,0.000,29.000,2.000,2024.000,9.000,39.000,0.000
20.000,26.356,1007.733,13.100,1.226,61.776,10.037,114091.612,0.000,0.000,0.000,0.000,14.001,0.000,30.794,0.000,0.015,0.240,17.855,0.000,37.770,30.712,-64.539,0.035,0.267,18.670,0.884,36.744,0.000,0.000,0.000,0.000,0.000,0.000,0.000,29.000,2.000,2024.000,9.000,39.000,0.000
20.000,26.356,1007.733,13.100,1.226,61.776,10.037,114091.612,0.000,0.000,0.000,0.000,14.001,0.000,30.776,0.000,0.021,0.453,17.859,0.000,37.710,30.724,-67.284,0.035,0.491,18.679,0.544,36.716,0.000,0.000,0.000,0.000,0.000,0.000,0.000,29.000,2.000,2024.000,9.000,39.000,0.000
20.000,26.356,1007.733,13.100,1.226,61.776,10.037,114091.612,0.000,0.000,0.000,0.000,14.001,0.000,30.778,0.000,0.019,0.338,17.864,0.000,37.738,30.764,-68.356,0.021,0.240,18.692,0.118,36.712,0.000,0.000,0.000,0.000,0.000,0.000,0.000,29.000,2.000,2024.000,9.000,39.000,0.000
