5.000,417.529,1007.827,13.380,1.225,978.552,39.965,453538.494,0.000,0.000,0.000,0.000,14.001,0.000,122.977,0.000,0.093,11.949,22.378,0.000,46.402,122.987,13.752,0.057,13.187,22.750,0.575,49.576,0.000,0.000,0.000,0.000,0.000,0.000,0.000,29.000,2.000,2024.000,9.000,27.000,3.000
5.000,417.560,1007.827,13.380,1.225,978.626,39.967,453555.461,0.000,0.000,0.000,0.000,14.001,0.000,123.074,0.000,0.183,18.019,22.381,0.000,46.426,122.972,14.530,0.067,13.738,22.755,1.548,49.604,0.000,0.000,0.000,0.000,0.000,0.000,0.000,29.000,2.000,2024.000,9.000,27.000,3.000
5.000,417.560,1007.827,13.380,1.225,978.626,39.967,453555.461,0.000,0.000,0.000,0.000,14.001,0.000,123.139,0.000,0.025,19.726,22.396,0.000,46.286,122.953,8.170,0.060,10.351,22.752,2.069,49.717,0.000,0.000,0.000,0.000,0.000,0.000,0.000,29.000,2.000,2024.000,9.000,27.000,3.000
5.000,417.579,1007.829,13.380,1.225,978.671,39.967,453566.309,0.000,0.000,0.000,0.000,14.001,0.000,122.954,0.000,0.072,15.854,22.402,0.000,46.314,123.043,5.224,0.063,11.796,22.751,1.125,49.618,0.000,0.000,0.000,0.000,0.000,0.000,0.000,29.000,2.000,2024.000,9.000,27.000,3.000
5.000,417.579,1007.829,13.380,1.225,978.671,39.967,453566.309,0.000,0.000,0.000,0.000,14.001,0.000,122.932,0.000,0.138,10.547,22.401,0.000,46.377,123.080,10.751,0.094,11.933,22.756,1.752,49.692,0.000,0.000,0.000,0.000,0.000,0.000,0.000,29.000,2.000,2024.000,9.000,27.000,3.000
5.000,417.575,1007.827,13.380,1.225,978.661,39.967,453563.670,0.000,0.000,0.000,0.000,14.001,0.000,123.079,0.000,0.139,10.956,22.401,0.000,46.356,122.995,10.695,0.080,11.071,22.759,1.230,49.675,0.000,0.000,0.000,0.000,0.000,0.000,0.000,29.000,2.000,2024.000,9.000,27.000,3.000
5.000,417.575,1007.827,13.380,1.225,978.661,39.967,453563.670,0.000,0.000,0.000,0.000,14.001,0.000,122.954,0.000,0.147,10.362,22.402,0.000,46.465,123.045,11.706,0.100,13.994,22.768,0.888,49.745,0.000,0.000,0.000,0.000,0.000,0.000,0.000,29.000,2.000,2024.000,9.000,27.000,4.000
5.000,417.575,1007.827,13.380,1.225,978.661,39.967,453563.670,0.000,0.000,0.000,0.000,14.001,0.000,123.031,0.000,0.151,12.625,22.403,0.000,46.265,123.055,15.114,0.048,12.020,22.776,0.968,49.594,0.000,0.000,0.000,0.000,0.000,0.000,0.000,29.000,2.000,2024.000,9.000,27.000,4.000
5.000,417.567,1007.827,13.380,1.225,978.642,39.967,453559.292,0.000,0.000,0.000,0.000,14.001,0.000,123.096,0.000,0.129,11.300,22.408,0.000,46.289,123.015,12.781,0.085,14.158,22.780,1.340,49.681,0.000,0.000,0.000,0.000,0.000,0.000,0.000,29.000,2.000,2024.000,9.000,27.000,4.000
5.000,417.567,1007.827,13.380,1.225,978.642,39.967,453559.292,0.000,0.000,0.000,0.000,14.001,0.000,123.069,0.000,0.100,13.869,22.416,0.000,46.258,123.028,10.712,0.034,12.663,22.786,0.841,49.601,0.000,0.000,0.000,0.000,0.000,0.000,0.000,29.000,2.000,2024.000,9.000,27.000,4.000
5.000,417.602,1007.828,13.380,1.225,978.725,39.969,453578.672,0.000,0.000,0.000,0.000,14.001,0.000,123.049,0.000,0.049,13.874,22.420,0.000,46.342,123.049,10.216,0.063,14.349,22.781,0.309,49.699,0.000,0.000,0.000,0.000,0.000,0.000,0.000,29.000,2.000,2024.000,9.000,27.000,4.000
5.000,417.602,1007.828,13.380,1.225,978.725,39.969,453578.672,0.000,0.000,0.000,0.000,14.001,0.000,122.857,0.000,0.067,16.061,22.429,0.000,46.461,123.033,13.485,0.052,14.567,22.770,1.831,49.569,0.000,0.000,0.000,0.000,0.000,0.000,0.000,29.000,2.000,2024.000,9.000,27.000,4.000
5.000,417.657,1007.827,13.380,1.225,978.855,39.971,453608.545,0.000,0.000,0.000,0.000,14.001,0.000,122.900,0.000,0.149,15.772,22.421,0.000,46.559,122.969,19.587,0.080,12.876,22.775,1.211,49.717,0.000,0.000,0.000,0.000,0.000,0.000,0.000,29.000,2.000,2024.000,9.000,27.000,4.000
5.000,417.657,1007.827,13.380,1.225,978.855,39.971,453608.545,0.000,0.000,0.000,0.000,14.001,0.000,123.024,0.000,0.120,13.563,22.390,0.000,46.430,123.004,19.912,0.083,10.046,22.792,0.705,49.534,0.000,0.000,0.000,0.000,0.000,0.000,0.000,29.000,2.000,2024.000,9.000,27.000,4.000
5.000,417.696,1007.828,13.380,1.225,978.947,39.973,453630.112,0.000,0.000,0.000,0.000,14.001,0.000,123.087,0.000,0.163,10.515,22.393,0.000,46.282,123.081,18.083,0.048,9.893,22.792,0.574,49.647,0.000,0.000,0.000,0.000,0.000,0.000,0.000,29.000,2.000,2024.000,9.000,27.000,4.000
5.000,417.696,1007.828,13.380,1.225,978.947,39.973,453630.112,0.000,0.000,0.000,0.000,14.001,0.000,123.006,0.000,0.134,10.073,22.417,0.000,46.202,123.076,18.555,0.068,10.400,22.794,0.836,49.615,0.000,0.000,0.000,0.000,0.000,0.000,0.000,29.000,2.000,2024.000,9.000,27.000,4.000
5.000,417.694,1007.828,13.380,1.225,978.942,39.973,453629.018,0.000,0.000,0.000,0.000,14.001,0.000,123.119,0.000,0.078,10.924,22.417,0.000,46.503,123.068,20.746,0.108,11.671,22.794,0.673,49.633,0.000,0.000,0.000,0.000,0.000,0.000,0.000,29.000,2.000,2024.000,9.000,27.000,5.000
5.000,417.694,1007.828,13.380,1.225,978.942,39.973,453629.018,0.000,0.000,0.000,0.000,14.001,0.000,122.990,0.000,0.088,11.240,22.444,0.000,46.402,122.964,17.583,0.038,10.275,22.791,0.373,49.696,0.000,0.000,0.000,0.000,0.000,0.000,0.000,29.000,2.000,2024.000,9.000,27.000,5.000
5.000,417.702,1007.831,13.380,1.225,978.961,39.973,453634.070,0.000,0.000,0.000,0.000,14.001,0.000,123.029,0.000,0.048,12.363,22.444,0.000,46.353,123.066,18.712,0.070,14.016,22.791,0.584,49.675,0.000,0.000,0.000,0.000,0.000,0.000,0.000,29.000,2.000,2024.000,9.000,27.000,5.000
5.000,417.702,1007.831,13.380,1.225,978.961,39.973,453634.070,0.000,0.000,0.000,0.000,14.001,0.000,123.036,0.000,0.033,11.660,22.452,0.000,46.374,123.061,19.754,0.038,12.674,22.814,0.340,49.580,0.000,0.000,0.000,0.000,0.000,0.000,0.000,29.000,2.000,2024.000,9.000,27.000,5.000
5.000,417.702,1007.831,13.380,1.225,978.961,39.973,453634.070,0.000,0.000,0.000,0.000,14.001,0.000,122.987,0.000,0.067,12.565,22.453,0.000,46.535,123.049,20.824,0.066,10.438,22.817,0.682,49.636,0.000,0.000,0.000,0.000,0.000,0.000,0.000,29.000,2.000,2024.000,9.000,27.000,5.000
5.000,417.717,1007.832,13.380,1.225,978.996,39.974,453642.503,0.000,0.000,0.000,0.000,14.001,0.000,122.942,0.000,0.086,12.140,22.452,0.000,46.412,123.089,25.705,0.067,12.652,22.809,1.831,49.594,0.000,0.000,0.000,0.000,0.000,0.000,0.000,29.000,2.000,2024.000,9.000,27.000,5.000
5.000,417.717,1007.832,13.380,1.225,978.996,39.974,453642.503,0.000,0.000,0.000,0.000,14.001,0.000,123.015,0.000,0.151,14.120,22.452,0.000,46.129,123.023,26.489,0.013,10.820,22.807,0.953,49.618,0.000,0.000,0.000,0.000,0.000,0.000,0.000,29.000,2.000,2024.000,9.000,27.000,5.000
5.000,417.700,1007.834,13.380,1.225,978.956,39.973,453633.651,0.000,0.000,0.000,0.000,14.001,0.000,122.994,0.000,0.107,12.434,22.460,0.000,46.395,123.017,28.376,0.038,15.483,22.844,0.468,49.664,0.000,0.000,0.000,0.000,0.000,0.000,0.000,29.000,2.000,2024.000,9.000,27.000,5.000
5.000,417.700,1007.834,13.380,1.225,978.956,39.973,453633.651,0.000,0.000,0.000,0.000,14.001,0.000,123.029,0.000,0.081,19.988,22.463,0.000,46.405,123.107,31.177,0.076,10.765,22.860,1.063,49.412,0.000,0.000,0.000,0.000,0.000,0.000,0.000,29.000,2.000,2024.000,9.000,27.000,5.000
5.000,417.661,1007.834,13.380,1.225,978.864,39.971,453612.310,0.000,0.000,0.000,0.000,14.001,0.000,122.951,0.000,0.120,12.582,22.458,0.000,46.395,122.979,31.782,0.079,12.800,22.829,0.571,49.538,0.000,0.000,0.000,0.000,0.000,0.000,0.000,29.000,2.000,2024.000,9.000,27.000,5.000
5.000,417.661,1007.834,13.380,1.225,978.864,39.971,453612.310,0.000,0.000,0.000,0.000,14.001,0.000,122.993,0.000,0.173,9.877,22.455,0.000,45.936,123.059,33.900,0.029,10.945,22.809,0.712,49.573,0.000,0.000,0.000,0.000,0.000,0.000,0.000,29.000,2.000,2024.000,9.000,27.000,6.000
5.000,417.671,1007.837,13.380,1.225,978.888,39.972,453618.457,0.000,0.000,0.000,0.000,14.001,0.000,123.069,0.000,0.106,10.918,22.475,0.000,46.261,123.070,33.748,0.082,12.587,22.817,0.950,49.527,0.000,0.000,0.000,0.000,0.000,0.000,0.000,29.000,2.000,2024.000,9.000,27.000,6.000
5.000,417.671,1007.837,13.380,1.225,978.888,39.972,453618.457,0.000,0.000,0.000,0.000,14.001,0.000,123.006,0.000,0.136,14.441,22.494,0.000,46.286,122.991,34.594,0.076,14.709,22.824,0.540,49.597,0.000,0.000,0.000,0.000,0.000,0.000,0.000,29.000,2.000,2024.000,9.000,27.000,6.000
5.000,417.688,1007.837,13.380,1.225,978.928,39.972,453627.760,0.000,0.000,0.000,0.000,14.001,0.000,122.995,0.000,0.068,12.538,22.487,0.000,46.311,123.015,34.630,0.119,14.894,22.828,1.005,49.545,0.000,0.000,0.000,0.000,0.000,0.000,0.000,29.000,2.000,2024.000,9.000,27.000,6.000
5.000,417.688,1007.837,13.380,1.225,978.928,39.972,453627.760,0.000,0.000,0.000,0.000,14.001,0.000,123.005,0.000,0.125,15.396,22.476,0.000,46.342,122.999,34.091,0.114,10.695,22.835,0.702,49.492,0.000,0.000,0.000,0.000,0.000,0.000,0.000,29.000,2.000,2024.000,9.000,27.000,6.000
5.000,417.691,1007.835,13.380,1.225,978.935,39.973,453628.951,0.000,0.000,0.000,0.000,14.001,0.000,122.964,0.000,0.070,12.418,22.483,0.000,46.465,123.026,35.455,0.082,10.340,22.841,0.999,49.562,0.000,0.000,0.000,0.000,0.000,0.000,0.000,29.000,2.000,2024.000,9.000,27.000,6.000
5.000,417.691,1007.835,13.380,1.225,978.935,39.973,453628.951,0.000,0.000,0.000,0.000,14.001,0.000,123.053,0.000,0.131,13.220,22.499,0.000,46.486,123.089,38.730,0.045,13.121,22.855,0.598,49.629,0.000,0.000,0.000,0.000,0.000,0.000,0.000,29.000,2.000,2024.000,9.000,27.000,6.000
5.000,417.707,1007.835,13.380,1.225,978.973,39.973,453637.707,0.000,0.000,0.000,0.000,14.001,0.000,123.006,0.000,0.076,11.769,22.499,0.000,46.297,123.105,40.042,0.045,9.882,22.856,1.145,49.552,0.000,0.000,0.000,0.000,0.000,0.000,0.000,29.000,2.000,2024.000,9.000,27.000,6.000
5.000,417.707,1007.835,13.380,1.225,978.973,39.973,453637.707,0.000,0.000,0.000,0.000,14.001,0.000,123.025,0.000,0.105,11.780,22.497,0.000,46.325,123.040,42.496,0.076,10.585,22.856,0.404,49.615,0.000,0.000,0.000,0.000,0.000,0.000,0.000,29.000,2.000,2024.000,9.000,27.000,6.000
5.000,417.707,1007.835,13.380,1.225,978.973,39.973,453637.707,0.000,0.000,0.000,0.000,14.001,0.000,122.965,0.000,0.124,14.496,22.498,0.000,46.461,122.994,44.403,0.052,13.171,22.855,0.972,49.692,0.000,0.000,0.000,0.000,0.000,0.000,0.000,29.000,2.000,2024.000,9.000,27.000,6.000
5.000,417.763,1007.834,13.380,1.225,979.105,39.976,453668.124,0.000,0.000,0.000,0.000,14.001,0.000,122.994,0.000,0.128,17.163,22.503,0.000,46.430,122.996,43.827,0.060,12.178,22.847,0.463,49.633,0.000,0.000,0.000,0.000,0.000,0.000,0.000,29.000,2.000,2024.000,9.000,27.000,7.000
5.000,417.763,1007.834,13.380,1.225,979.105,39.976,453668.124,0.000,0.000,0.000,0.000,14.001,0.000,123.073,0.000,0.042,12.603,22.503,0.000,46.398,123.075,43.564,0.053,10.918,22.847,0.180,49.569,0.000,0.000,0.000,0.000,0.000,0.000,0.000,29.000,2.000,2024.000,9.000,27.000,7.000
5.000,417.765,1007.835,13.380,1.225,979.110,39.976,453669.443,0.000,0.000,0.000,0.000,14.001,0.000,123.042,0.000,0.076,15.663,22.496,0.000,46.426,123.023,44.784,0.069,10.526,22.864,0.574,49.615,0.000,0.000,0.000,0.000,0.000,0.000,0.000,29.000,2.000,2024.000,9.000,27.000,7.000
5.000,417.765,1007.835,13.380,1.225,979.110,39.976,453669.443,0.000,0.000,0.000,0.000,14.001,0.000,123.121,0.000,0.088,11.431,22.496,0.000,46.395,123.022,42.331,0.057,12.489,22.864,1.004,49.569,0.000,0.000,0.000,0.000,0.000,0.000,0.000,29.000,2.000,2024.000,9.000,27.000,7.000
5.000,417.751,1007.834,13.380,1.225,979.077,39.976,453661.558,0.000,0.000,0.000,0.000,14.001,0.000,122.938,0.000,0.115,15.646,22.515,0.000,46.202,122.960,40.031,0.048,10.798,22.872,0.651,49.601,0.000,0.000,0.000,0.000,0.000,0.000,0.000,29.000,2.000,2024.000,9.000,27.000,7.000
5.000,417.751,1007.834,13.380,1.225,979.077,39.976,453661.558,0.000,0.000,0.000,0.000,14.001,0.000,123.070,0.000,0.094,10.913,22.517,0.000,46.503,123.044,39.827,0.046,13.247,22.873,0.763,49.604,0.000,0.000,0.000,0.000,0.000,0.000,0.000,29.000,2.000,2024.000,9.000,27.000,7.000
5.000,417.730,1007.832,13.380,1.225,979.027,39.975,453649.617,0.000,0.000,0.000,0.000,14.001,0.000,123.047,0.000,0.064,10.967,22.509,0.000,46.304,123.045,39.317,0.094,11.005,22.875,0.533,49.503,0.000,0.000,0.000,0.000,0.000,0.000,0.000,29.000,2.000,2024.000,9.000,27.000,7.000
5.000,417.730,1007.832,13.380,1.225,979.027,39.975,453649.617,0.000,0.000,0.000,0.000,14.001,0.000,123.091,0.000,0.034,11.076,22.507,0.000,46.367,123.063,39.996,0.073,13.792,22.876,0.607,49.552,0.000,0.000,0.000,0.000,0.000,0.000,0.000,29.000,2.000,2024.000,9.000,27.000,7.000
5.000,417.746,1007.835,13.380,1.225,979.065,39.975,453659.047,0.000,0.000,0.000,0.000,14.001,0.000,122.976,0.000,0.044,12.129,22.524,0.000,46.419,122.981,38.510,0.064,15.527,22.887,0.413,49.583,0.000,0.000,0.000,0.000,0.000,0.000,0.000,29.000,2.000,2024.000,9.000,27.000,7.000
5.000,417.746,1007.835,13.380,1.225,979.065,39.975,453659.047,0.000,0.000,0.000,0.000,14.001,0.000,123.080,0.000,0.120,12.789,22.531,0.000,46.293,123.009,37.097,0.052,10.760,22.891,1.188,49.657,0.000,0.000,0.000,0.000,0.000,0.000,0.000,29.000,2.000,2024.000,9.000,27.000,7.000
5.000,417.760,1007.833,13.380,1.225,979.098,39.976,453666.257,0.000,0.000,0.000,0.000,14.001,0.000,122.946,0.000,0.099,10.269,22.531,0.000,46.395,123.090,38.939,0.060,13.896,22.892,1.805,49.517,0.000,0.000,0.000,0.000,0.000,0.000,0.000,29.000,2.000,2024.000,9.000,27.000,8.000
5.000,417.760,1007.833,13.380,1.225,979.098,39.976,453666.257,0.000,0.000,0.000,0.000,14.001,0.000,123.057,0.000,0.119,11.251,22.531,0.000,46.402,123.009,41.549,0.051,10.678,22.892,0.731,49.629,0.000,0.000,0.000,0.000,0.000,0.000,0.000,29.000,2.000,2024.000,9.000,27.000,8.000
5.000,417.768,1007.837,13.380,1.225,979.117,39.976,453671.535,0.000,0.000,0.000,0.000,14.001,0.000,123.004,0.000,0.111,11.894,22.526,0.000,46.384,122.992,39.149,0.058,9.986,22.901,0.603,49.647,0.000,0.000,0.000,0.000,0.000,0.000,0.000,29.000,2.000,2024.000,9.000,27.000,8.000
5.000,417.768,1007.837,13.380,1.225,979.117,39.976,453671.535,0.000,0.000,0.000,0.000,14.001,0.000,123.051,0.000,0.076,13.111,22.520,0.000,46.426,122.994,39.134,0.049,10.296,22.910,0.576,49.633,0.000,0.000,0.000,0.000,0.000,0.000,0.000,29.000,2.000,2024.000,9.000,27.000,8.000
5.000,417.768,1007.837,13.380,1.225,979.117,39.976,453671.535,0.000,0.000,0.000,0.000,14.001,0.000,123.131,0.000,0.062,15.707,22.533,0.000,46.335,123.099,36.921,0.036,11.213,22.911,0.644,49.580,0.000,0.000,0.000,0.000,0.000,0.000,0.000,29.000,2.000,2024.000,9.000,27.000,8.000
5.000,417.814,1007.835,13.380,1.225,979.226,39.979,453696.254,0.000,0.000,0.000,0.000,14.001,0.000,123.067,0.000,0.136,13.105,22.553,0.000,46.227,123.052,37.520,0.073,10.962,22.912,1.198,49.580,0.000,0.000,0.000,0.000,0.000,0.000,0.000,29.000,2.000,2024.000,9.000,27.000,8.000
5.000,417.814,1007.835,13.380,1.225,979.226,39.979,453696.254,0.000,0.000,0.000,0.000,14.001,0.000,123.101,0.000,0.065,14.676,22.550,0.000,46.321,123.072,35.429,0.057,10.171,22.913,0.476,49.478,0.000,0.000,0.000,0.000,0.000,0.000,0.000,29.000,2.000,2024.000,9.000,27.000,8.000
5.000,417.849,1007.836,13.380,1.225,979.308,39.980,453715.628,0.000,0.000,0.000,0.000,14.001,0.000,123.106,0.000,0.136,14.256,22.543,0.000,46.314,123.010,33.494,0.109,12.053,22.914,0.849,49.703,0.000,0.000,0.000,0.000,0.000,0.000,0.000,29.000,2.000,2024.000,9.000,27.000,8.000
5.000,417.849,1007.836,13.380,1.225,979.308,39.980,453715.628,0.000,0.000,0.000,0.000,14.001,0.000,123.039,0.000,0.112,11.595,22.547,0.000,46.321,123.039,29.926,0.102,9.833,22.916,1.149,49.464,0.000,0.000,0.000,0.000,0.000,0.000,0.000,29.000,2.000,2024.000,9.000,27.000,8.000
5.000,417.879,1007.833,13.380,1.225,979.379,39.982,453731.366,0.000,0.000,0.000,0.000,14.001,0.000,122.963,0.000,0.125,12.592,22.566,0.000,46.535,123.111,34.297,0.126,11.273,22.923,1.570,49.520,0.000,0.000,0.000,0.000,0.000,0.000,0.000,29.000,2.000,2024.000,9.000,27.000,8.000
5.000,417.879,1007.833,13.380,1.225,979.379,39.982,453731.366,0.000,0.000,0.000,0.000,14.001,0.000,122.999,0.000,0.089,15.167,22.565,0.000,46.289,123.045,38.013,0.048,10.515,22.924,0.668,49.633,0.000,0.000,0.000,0.000,0.000,0.000,0.000,29.000,2.000,2024.000,9.000,27.000,9.000
5.000,417.885,1007.832,13.380,1.225,979.393,39.982,453734.423,0.000,0.000,0.000,0.000,14.001,0.000,123.042,0.000,0.164,11.322,22.555,0.000,46.272,123.086,38.045,0.039,12.958,22.930,1.254,49.545,0.000,0.000,0.000,0.000,0.000,0.000,0.000,29.000,2.000,2024.000,9.000,27.000,9.000
5.000,417.885,1007.832,13.380,1.225,979.393,39.982,453734.423,0.000,0.000,0.000,0.000,14.001,0.000,123.005,0.000,0.164,16.116,22.555,0.000,46.524,123.036,40.045,0.089,10.798,22.930,1.122,49.601,0.000,0.000,0.000,0.000,0.000,0.000,0.000,29.000,2.000,2024.000,9.000,27.000,9.000
5.000,417.867,1007.834,13.380,1.225,979.351,39.981,453725.026,0.000,0.000,0.000,0.000,14.001,0.000,122.962,0.000,0.077,15.450,22.568,0.000,46.419,123.003,41.109,0.064,11.115,22.917,0.744,49.580,0.000,0.000,0.000,0.000,0.000,0.000,0.000,29.000,2.000,2024.000,9.000,27.000,9.000
5.000,417.867,1007.834,13.380,1.225,979.351,39.981,453725.026,0.000,0.000,0.000,0.000,14.001,0.000,122.927,0.000,0.080,10.580,22.568,0.000,46.465,123.057,44.650,0.077,12.063,22.917,1.663,49.534,0.000,0.000,0.000,0.000,0.000,0.000,0.000,29.000,2.000,2024.000,9.000,27.000,9.000
5.000,417.896,1007.833,13.380,1.225,979.419,39.983,453740.666,0.000,0.000,0.000,0.000,14.001,0.000,123.070,0.000,0.047,13.252,22.578,0.000,46.318,123.005,45.903,0.114,15.472,22.938,1.039,49.580,0.000,0.000,0.000,0.000,0.000,0.000,0.000,29.000,2.000,2024.000,9.000,27.000,9.000
5.000,417.896,1007.833,13.380,1.225,979.419,39.983,453740.666,0.000,0.000,0.000,0.000,14.001,0.000,123.024,0.000,0.084,11.584,22.580,0.000,46.335,123.064,46.420,0.075,10.765,22.940,0.772,49.576,0.000,0.000,0.000,0.000,0.000,0.000,0.000,29.000,2.000,2024.000,9.000,27.000,9.000
5.000,417.896,1007.833,13.380,1.225,979.419,39.983,453740.666,0.000,0.000,0.000,0.000,14.001,0.000,122.939,0.000,0.035,11.611,22.574,0.000,46.458,122.991,47.739,0.041,10.444,22.951,0.705,49.566,0.000,0.000,0.000,0.000,0.000,0.000,0.000,29.000,2.000,2024.000,9.000,27.000,9.000
5.000,417.885,1007.831,13.380,1.225,979.393,39.982,453734.198,0.000,0.000,0.000,0.000,14.001,0.000,123.019,0.000,0.177,13.454,22.572,0.000,46.426,122.968,47.720,0.098,14.190,22.954,1.851,49.647,0.000,0.000,0.000,0.000,0.000,0.000,0.000,29.000,2.000,2024.000,9.000,27.000,9.000
5.000,417.885,1007.831,13.380,1.225,979.393,39.982,453734.198,0.000,0.000,0.000,0.000,14.001,0.000,122.921,0.000,0.098,13.978,22.597,0.000,46.902,123.056,49.585,0.086,10.089,22.960,1.212,49.724,0.000,0.000,0.000,0.000,0.000,0.000,0.000,29.000,2.000,2024.000,9.000,27.000,9.000
5.000,417.916,1007.831,13.380,1.225,979.466,39.984,453751.157,0.000,0.000,0.000,0.000,14.001,0.000,123.123,0.000,0.125,14.627,22.608,0.000,46.486,122.976,48.737,0.086,10.078,22.963,1.558,49.696,0.000,0.000,0.000,0.000,0.000,0.000,0.000,29.000,2.000,2024.000,9.000,27.000,10.000
5.000,417.916,1007.831,13.380,1.225,979.466,39.984,453751.157,0.000,0.000,0.000,0.000,14.001,0.000,123.281,0.000,0.061,16.808,22.607,0.000,46.629,122.989,40.367,0.071,10.662,22.957,3.368,49.650,0.000,0.000,0.000,0.000,0.000,0.000,0.000,29.000,2.000,2024.000,9.000,27.000,10.000
5.000,417.938,1007.831,13.380,1.225,979.518,39.985,453763.193,0.000,0.000,0.000,0.000,14.001,0.000,123.075,0.000,0.122,14.212,22.606,0.000,46.524,123.001,33.530,0.073,11.109,22.953,1.038,49.583,0.000,0.000,0.000,0.000,0.000,0.000,0.000,29.000,2.000,2024.000,9.000,27.000,10.000
5.000,417.938,1007.831,13.380,1.225,979.518,39.985,453763.193,0.000,0.000,0.000,0.000,14.001,0.000,123.023,0.000,0.129,11.136,22.600,0.000,46.384,122.921,30.569,0.082,12.184,22.956,1.079,49.587,0.000,0.000,0.000,0.000,0.000,0.000,0.000,29.000,2.000,2024.000,9.000,27.000,10.000
5.000,417.943,1007.834,13.380,1.225,979.530,39.985,453766.603,0.000,0.000,0.000,0.000,14.001,0.000,123.067,0.000,0.093,12.189,22.595,0.000,46.328,123.085,31.021,0.134,11.714,22.960,0.738,49.594,0.000,0.000,0.000,0.000,0.000,0.000,0.000,29.000,2.000,2024.000,9.000,27.000,10.000
5.000,417.943,1007.834,13.380,1.225,979.530,39.985,453766.603,0.000,0.000,0.000,0.000,14.001,0.000,122.835,0.000,0.105,16.328,22.601,0.000,46.465,123.039,33.370,0.050,10.749,22.968,2.464,49.601,0.000,0.000,0.000,0.000,0.000,0.000,0.000,29.000,2.000,2024.000,9.000,27.000,10.000
5.000,417.927,1007.834,13.380,1.225,979.492,39.984,453757.850,0.000,0.000,0.000,0.000,14.001,0.000,123.011,0.000,0.096,11.191,22.609,0.000,46.461,123.054,38.734,0.043,11.802,22.981,0.306,49.580,0.000,0.000,0.000,0.000,0.000,0.000,0.000,29.000,2.000,2024.000,9.000,27.000,10.000
5.000,417.927,1007.834,13.380,1.225,979.492,39.984,453757.850,0.000,0.000,0.000,0.000,14.001,0.000,122.980,0.000,0.072,11.136,22.615,0.000,46.451,122.992,39.786,0.035,10.667,22.983,0.213,49.660,0.000,0.000,0.000,0.000,0.000,0.000,0.000,29.000,2.000,2024.000,9.000,27.000,10.000
5.000,417.904,1007.836,13.380,1.225,979.438,39.983,453745.718,0.000,0.000,0.000,0.000,14.001,0.000,123.076,0.000,0.134,11.289,22.628,0.000,46.423,123.096,39.987,0.081,11.485,22.989,0.868,49.506,0.000,0.000,0.000,0.000,0.000,0.000,0.000,29.000,2.000,2024.000,9.000,27.000,10.000
5.000,417.904,1007.836,13.380,1.225,979.438,39.983,453745.718,0.000,0.000,0.000,0.000,14.001,0.000,122.978,0.000,0.179,10.875,22.629,0.000,46.255,123.080,43.680,0.072,17.583,22.985,1.902,49.601,0.000,0.000,0.000,0.000,0.000,0.000,0.000,29.000,2.000,2024.000,9.000,27.000,10.000
5.000,417.904,1007.836,13.380,1.225,979.438,39.983,453745.718,0.000,0.000,0.000,0.000,14.001,0.000,123.071,0.000,0.042,11.202,22.632,0.000,46.132,122.966,42.414,0.047,10.024,22.967,1.274,49.629,0.000,0.000,0.000,0.000,0.000,0.000,0.000,29.000,2.000,2024.000,9.000,27.000,11.000
5.000,417.881,1007.834,13.380,1.225,979.384,39.982,453732.685,0.000,0.000,0.000,0.000,14.001,0.000,123.039,0.000,0.108,11.191,22.633,0.000,46.454,123.047,41.224,0.048,10.318,22.969,0.641,49.650,0.000,0.000,0.000,0.000,0.000,0.000,0.000,29.000,2.000,2024.000,9.000,27.000,11.000
5.000,417.881,1007.834,13.380,1.225,979.384,39.982,453732.685,0.000,0.000,0.000,0.000,14.001,0.000,123.219,0.000,0.041,10.569,22.646,0.000,46.297,123.076,37.679,0.049,10.073,22.992,1.487,49.548,0.000,0.000,0.000,0.000,0.000,0.000,0.000,29.000,2.000,2024.000,9.000,27.000,11.000
5.000,417.849,1007.833,13.380,1.225,979.308,39.980,453714.953,0.000,0.000,0.000,0.000,14.001,0.000,123.174,0.000,0.050,11.442,22.646,0.000,46.335,123.059,32.244,0.129,18.406,22.992,1.542,49.587,0.000,0.000,0.000,0.000,0.000,0.000,0.000,29.000,2.000,2024.000,9.000,27.000,11.000
5.000,417.849,1007.833,13.380,1.225,979.308,39.980,453714.953,0.000,0.000,0.000,0.000,14.001,0.000,123.105,0.000,0.172,11.322,22.655,0.000,46.328,122.962,27.969,0.103,9.560,23.003,2.646,49.762,0.000,0.000,0.000,0.000,0.000,0.000,0.000,29.000,2.000,2024.000,9.000,27.000,11.000
5.000,417.844,1007.832,13.380,1.225,979.296,39.980,453711.992,0.000,0.000,0.000,0.000,14.001,0.000,122.949,0.000,0.207,10.564,22.655,0.000,46.419,123.035,26.606,0.046,9.789,23.003,1.388,49.643,0.000,0.000,0.000,0.000,0.000,0.000,0.000,29.000,2.000,2024.000,9.000,27.000,11.000
5.000,417.844,1007.832,13.380,1.225,979.296,39.980,453711.992,0.000,0.000,0.000,0.000,14.001,0.000,122.901,0.000,0.127,12.952,22.661,0.000,46.570,122.967,29.893,0.082,10.613,23.006,1.390,49.720,0.000,0.000,0.000,0.000,0.000,0.000,0.000,29.000,2.000,2024.000,9.000,27.000,11.000
5.000,417.828,1007.834,13.380,1.225,979.259,39.979,453703.688,0.000,0.000,0.000,0.000,14.001,0.000,123.000,0.000,0.144,12.211,22.661,0.000,46.426,123.024,32.911,0.044,10.842,23.007,0.756,49.650,0.000,0.000,0.000,0.000,0.000,0.000,0.000,29.000,2.000,2024.000,9.000,27.000,11.000
5.000,417.828,1007.834,13.380,1.225,979.259,39.979,453703.688,0.000,0.000,0.000,0.000,14.001,0.000,123.046,0.000,0.153,11.693,22.638,0.000,46.381,123.092,32.964,0.044,11.093,23.009,0.730,49.622,0.000,0.000,0.000,0.000,0.000,0.000,0.000,29.000,2.000,2024.000,9.000,27.000,11.000
5.000,417.778,1007.832,13.380,1.225,979.141,39.977,453675.881,0.000,0.000,0.000,0.000,14.001,0.000,123.044,0.000,0.196,13.405,22.633,0.000,46.307,123.097,35.626,0.078,12.123,23.010,0.525,49.478,0.000,0.000,0.000,0.000,0.000,0.000,0.000,29.000,2.000,2024.000,9.000,27.000,11.000
5.000,417.778,1007.832,13.380,1.225,979.141,39.977,453675.881,0.000,0.000,0.000,0.000,14.001,0.000,123.054,0.000,0.214,15.521,22.648,0.000,46.332,122.971,34.066,0.082,10.744,23.020,1.593,49.548,0.000,0.000,0.000,0.000,0.000,0.000,0.000,29.000,2.000,2024.000,9.000,27.000,12.000
5.000,417.769,1007.832,13.380,1.225,979.119,39.976,453670.957,0.000,0.000,0.000,0.000,14.001,0.000,123.080,0.000,0.142,11.518,22.655,0.000,46.430,122.992,31.027,0.020,10.825,23.024,0.853,49.622,0.000,0.000,0.000,0.000,0.000,0.000,0.000,29.000,2.000,2024.000,9.000,27.000,12.000
5.000,417.769,1007.832,13.380,1.225,979.119,39.976,453670.957,0.000,0.000,0.000,0.000,14.001,0.000,122.955,0.000,0.104,11.278,22.657,0.000,46.507,123.014,32.186,0.062,13.242,23.033,0.632,49.552,0.000,0.000,0.000,0.000,0.000,0.000,0.000,29.000,2.000,2024.000,9.000,27.000,12.000
5.000,417.748,1007.829,13.380,1.225,979.070,39.976,453658.791,0.000,0.000,0.000,0.000,14.001,0.000,122.952,0.000,0.097,13.432,22.658,0.000,46.451,123.031,34.239,0.055,10.438,23.039,1.142,49.608,0.000,0.000,0.000,0.000,0.000,0.000,0.000,29.000,2.000,2024.000,9.000,27.000,12.000
5.000,417.748,1007.829,13.380,1.225,979.070,39.976,453658.791,0.000,0.000,0.000,0.000,14.001,0.000,122.962,0.000,0.140,10.951,22.676,0.000,46.314,123.074,36.942,0.060,10.787,23.038,1.978,49.626,0.000,0.000,0.000,0.000,0.000,0.000,0.000,29.000,2.000,2024.000,9.000,27.000,12.000
5.000,417.748,1007.829,13.380,1.225,979.070,39.976,453658.791,0.000,0.000,0.000,0.000,14.001,0.000,123.073,0.000,0.118,10.765,22.694,0.000,46.353,123.067,38.824,0.048,12.014,23.037,0.759,49.580,0.000,0.000,0.000,0.000,0.000,0.000,0.000,29.000,2.000,2024.000,9.000,27.000,12.000
5.000,417.743,1007.826,13.380,1.225,979.058,39.975,453655.380,0.000,0.000,0.000,0.000,14.001,0.000,123.055,0.000,0.143,11.278,22.693,0.000,46.440,122.996,38.934,0.087,10.602,23.044,0.761,49.580,0.000,0.000,0.000,0.000,0.000,0.000,0.000,29.000,2.000,2024.000,9.000,27.000,12.000
5.000,417.743,1007.826,13.380,1.225,979.058,39.975,453655.380,0.000,0.000,0.000,0.000,14.001,0.000,122.985,0.000,0.071,11.327,22.692,0.000,46.227,122.934,36.993,0.047,9.904,23.055,0.674,49.678,0.000,0.000,0.000,0.000,0.000,0.000,0.000,29.000,2.000,2024.000,9.000,27.000,12.000
5.000,417.765,1007.824,13.380,1.225,979.110,39.976,453666.967,0.000,0.000,0.000,0.000,14.001,0.000,123.060,0.000,0.079,13.160,22.688,0.000,46.321,123.003,35.572,0.059,17.184,23.059,0.674,49.681,0.000,0.000,0.000,0.000,0.000,0.000,0.000,29.000,2.000,2024.000,9.000,27.000,12.000
5.000,417.765,1007.824,13.380,1.225,979.110,39.976,453666.967,0.000,0.000,0.000,0.000,14.001,0.000,123.015,0.000,0.045,11.954,22.679,0.000,46.416,123.085,35.656,0.044,11.971,23.067,0.934,49.566,0.000,0.000,0.000,0.000,0.000,0.000,0.000,29.000,2.000,2024.000,9.000,27.000,12.000
5.000,417.763,1007.824,13.380,1.225,979.105,39.976,453665.873,0.000,0.000,0.000,0.000,14.001,0.000,123.027,0.000,0.143,12.538,22.682,0.000,46.426,123.001,37.239,0.057,11.556,23.062,0.696,49.583,0.000,0.000,0.000,0.000,0.000,0.000,0.000,29.000,2.000,2024.000,9.000,27.000,13.000
5.000,417.763,1007.824,13.380,1.225,979.105,39.976,453665.873,0.000,0.000,0.000,0.000,14.001,0.000,122.927,0.000,0.116,16.116,22.693,0.000,46.517,123.086,39.476,0.131,15.161,23.041,2.407,49.422,0.000,0.000,0.000,0.000,0.000,0.000,0.000,29.000,2.000,2024.000,9.000,27.000,13.000
5.000,417.736,1007.825,13.380,1.225,979.041,39.975,453651.325,0.000,0.000,0.000,0.000,14.001,0.000,123.089,0.000,0.100,12.718,22.694,0.000,46.219,123.115,42.653,0.027,10.040,23.043,0.710,49.531,0.000,0.000,0.000,0.000,0.000,0.000,0.000,29.000,2.000,2024.000,9.000,27.000,13.000
5.000,417.736,1007.825,13.380,1.225,979.041,39.975,453651.325,0.000,0.000,0.000,0.000,14.001,0.000,123.032,0.000,0.092,15.221,22.710,0.000,46.297,123.010,42.987,0.037,10.842,23.065,0.680,49.636,0.000,0.000,0.000,0.000,0.000,0.000,0.000,29.000,2.000,2024.000,9.000,27.000,13.000
5.000,417.748,1007.824,13.380,1.225,979.070,39.976,453657.666,0.000,0.000,0.000,0.000,14.001,0.000,123.039,0.000,0.215,11.780,22.710,0.000,46.398,123.023,39.796,0.060,10.973,23.065,1.475,49.590,0.000,0.000,0.000,0.000,0.000,0.000,0.000,29.000,2.000,2024.000,9.000,27.000,13.000
5.000,417.748,1007.824,13.380,1.225,979.070,39.976,453657.666,0.000,0.000,0.000,0.000,14.001,0.000,123.028,0.000,0.134,18.548,22.736,0.000,46.587,123.024,41.302,0.076,11.622,23.058,0.961,49.615,0.000,0.000,0.000,0.000,0.000,0.000,0.000,29.000,2.000,2024.000,9.000,27.000,13.000
5.000,417.714,1007.824,13.380,1.225,978.989,39.974,453639.061,0.000,0.000,0.000,0.000,14.001,0.000,122.940,0.000,0.110,17.463,22.736,0.000,46.577,123.003,43.125,0.105,14.398,23.058,0.520,49.555,0.000,0.000,0.000,0.000,0.000,0.000,0.000,29.000,2.000,2024.000,9.000,27.000,13.000
5.000,417.714,1007.824,13.380,1.225,978.989,39.974,453639.061,0.000,0.000,0.000,0.000,14.001,0.000,122.996,0.000,0.132,14.278,22.709,0.000,46.244,122.978,43.560,0.062,10.318,23.083,0.939,49.590,0.000,0.000,0.000,0.000,0.000,0.000,0.000,29.000,2.000,2024.000,9.000,27.000,13.000
5.000,417.728,1007.822,13.380,1.225,979.022,39.975,453646.272,0.000,0.000,0.000,0.000,14.001,0.000,122.995,0.000,0.074,10.144,22.706,0.000,46.325,123.011,44.351,0.110,14.578,23.085,0.374,49.709,0.000,0.000,0.000,0.000,0.000,0.000,0.000,29.000,2.000,2024.000,9.000,27.000,13.000
5.000,417.728,1007.822,13.380,1.225,979.022,39.975,453646.272,0.000,0.000,0.000,0.000,14.001,0.000,123.097,0.000,0.168,11.425,22.725,0.000,46.118,122.998,41.558,0.091,13.236,23.083,1.728,49.706,0.000,0.000,0.000,0.000,0.000,0.000,0.000,29.000,2.000,2024.000,9.000,27.000,13.000
5.000,417.728,1007.822,13.380,1.225,979.022,39.975,453646.272,0.000,0.000,0.000,0.000,14.001,0.000,123.132,0.000,0.093,10.166,22.729,0.000,46.178,123.010,38.322,0.047,10.951,23.083,1.275,49.660,0.000,0.000,0.000,0.000,0.000,0.000,0.000,29.000,2.000,2024.000,9.000,27.000,14.000
5.000,417.741,1007.818,13.380,1.225,979.053,39.975,453652.485,0.000,0.000,0.000,0.000,14.001,0.000,122.980,0.000,0.045,10.597,22.723,0.000,46.405,122.998,36.168,0.068,10.280,23.080,0.388,49.737,0.000,0.000,0.000,0.000,0.000,0.000,0.000,29.000,2.000,2024.000,9.000,27.000,14.000
5.000,417.741,1007.818,13.380,1.225,979.053,39.975,453652.485,0.000,0.000,0.000,0.000,14.001,0.000,123.035,0.000,0.105,12.871,22.720,0.000,46.447,123.029,37.134,0.080,13.465,23.079,0.635,49.597,0.000,0.000,0.000,0.000,0.000,0.000,0.000,29.000,2.000,2024.000,9.000,27.000,14.000
5.000,417.764,1007.816,13.380,1.225,979.107,39.977,453664.620,0.000,0.000,0.000,0.000,14.001,0.000,123.012,0.000,0.064,12.494,22.733,0.000,46.573,123.029,38.298,0.086,9.926,23.093,0.770,49.555,0.000,0.000,0.000,0.000,0.000,0.000,0.000,29.000,2.000,2024.000,9.000,27.000,14.000
5.000,417.764,1007.816,13.380,1.225,979.107,39.977,453664.620,0.000,0.000,0.000,0.000,14.001,0.000,123.047,0.000,0.033,12.936,22.742,0.000,46.356,123.004,36.576,0.079,12.729,23.102,0.809,49.647,0.000,0.000,0.000,0.000,0.000,0.000,0.000,29.000,2.000,2024.000,9.000,27.000,14.000
5.000,417.743,1007.813,13.380,1.225,979.058,39.976,453652.454,0.000,0.000,0.000,0.000,14.001,0.000,122.989,0.000,0.184,13.220,22.740,0.000,46.507,123.094,37.494,0.090,10.727,23.103,1.665,49.654,0.000,0.000,0.000,0.000,0.000,0.000,0.000,29.000,2.000,2024.000,9.000,27.000,14.000
5.000,417.743,1007.813,13.380,1.225,979.058,39.976,453652.454,0.000,0.000,0.000,0.000,14.001,0.000,122.961,0.000,0.193,19.448,22.739,0.000,46.752,122.988,39.733,0.045,11.720,23.104,1.392,49.590,0.000,0.000,0.000,0.000,0.000,0.000,0.000,29.000,2.000,2024.000,9.000,27.000,14.000
5.000,417.713,1007.810,13.380,1.225,978.987,39.974,453635.363,0.000,0.000,0.000,0.000,14.001,0.000,123.051,0.000,0.078,16.323,22.752,0.000,46.475,123.036,40.433,0.052,11.371,23.098,0.260,49.597,0.000,0.000,0.000,0.000,0.000,0.000,0.000,29.000,2.000,2024.000,9.000,27.000,14.000
5.000,417.713,1007.810,13.380,1.225,978.987,39.974,453635.363,0.000,0.000,0.000,0.000,14.001,0.000,123.045,0.000,0.074,17.872,22.772,0.000,46.461,123.028,40.003,0.094,13.961,23.089,0.144,49.503,0.000,0.000,0.000,0.000,0.000,0.000,0.000,29.000,2.000,2024.000,9.000,27.000,14.000
5.000,417.733,1007.811,13.380,1.225,979.034,39.975,453646.532,0.000,0.000,0.000,0.000,14.001,0.000,123.044,0.000,0.093,15.614,22.765,0.000,46.447,122.980,37.847,0.096,12.211,23.093,0.917,49.622,0.000,0.000,0.000,0.000,0.000,0.000,0.000,29.000,2.000,2024.000,9.000,27.000,14.000
5.000,417.733,1007.811,13.380,1.225,979.034,39.975,453646.532,0.000,0.000,0.000,0.000,14.001,0.000,123.122,0.000,0.234,16.890,22.749,0.000,46.265,123.015,36.664,0.044,11.076,23.102,1.565,49.681,0.000,0.000,0.000,0.000,0.000,0.000,0.000,29.000,2.000,2024.000,9.000,27.000,15.000
5.000,417.733,1007.811,13.380,1.225,979.034,39.975,453646.532,0.000,0.000,0.000,0.000,14.001,0.000,123.075,0.000,0.107,10.667,22.752,0.000,46.188,123.001,31.763,0.040,15.603,23.103,1.178,49.643,0.000,0.000,0.000,0.000,0.000,0.000,0.000,29.000,2.000,2024.000,9.000,27.000,15.000
5.000,417.778,1007.811,13.380,1.225,979.141,39.977,453671.155,0.000,0.000,0.000,0.000,14.001,0.000,122.945,0.000,0.080,19.639,22.763,0.000,46.538,123.044,32.611,0.066,10.744,23.109,1.083,49.685,0.000,0.000,0.000,0.000,0.000,0.000,0.000,29.000,2.000,2024.000,9.000,27.000,15.000
5.000,417.778,1007.811,13.380,1.225,979.141,39.977,453671.155,0.000,0.000,0.000,0.000,14.001,0.000,122.883,0.000,0.066,12.287,22.765,0.000,46.332,123.027,36.281,0.063,10.597,23.111,1.568,49.626,0.000,0.000,0.000,0.000,0.000,0.000,0.000,29.000,2.000,2024.000,9.000,27.000,15.000
5.000,417.778,1007.810,13.380,1.225,979.141,39.977,453670.929,0.000,0.000,0.000,0.000,14.001,0.000,122.904,0.000,0.123,10.564,22.784,0.000,46.549,123.091,43.935,0.041,10.640,23.131,2.203,49.633,0.000,0.000,0.000,0.000,0.000,0.000,0.000,29.000,2.000,2024.000,9.000,27.000,15.000
5.000,417.778,1007.810,13.380,1.225,979.141,39.977,453670.929,0.000,0.000,0.000,0.000,14.001,0.000,122.949,0.000,0.109,14.692,22.784,0.000,46.486,123.095,51.170,0.140,13.547,23.131,2.331,49.713,0.000,0.000,0.000,0.000,0.000,0.000,0.000,29.000,2.000,2024.000,9.000,27.000,15.000
5.000,417.801,1007.810,13.380,1.225,979.195,39.978,453683.514,0.000,0.000,0.000,0.000,14.001,0.000,123.130,0.000,0.110,11.834,22.789,0.000,46.356,123.036,48.955,0.067,17.839,23.143,1.261,49.566,0.000,0.000,0.000,0.000,0.000,0.000,0.000,29.000,2.000,2024.000,9.000,27.000,15.000
5.000,417.801,1007.810,13.380,1.225,979.195,39.978,453683.514,0.000,0.000,0.000,0.000,14.001,0.000,123.079,0.000,0.111,13.111,22.789,0.000,46.223,123.087,48.018,0.064,11.933,23.143,0.479,49.552,0.000,0.000,0.000,0.000,0.000,0.000,0.000,29.000,2.000,2024.000,9.000,27.000,15.000
5.000,417.857,1007.809,13.380,1.225,979.327,39.981,453713.927,0.000,0.000,0.000,0.000,14.001,0.000,123.128,0.000,0.118,12.178,22.789,0.000,46.342,123.047,46.875,0.096,10.591,23.164,0.925,49.422,0.000,0.000,0.000,0.000,0.000,0.000,0.000,29.000,2.000,2024.000,9.000,27.000,15.000
5.000,417.857,1007.809,13.380,1.225,979.327,39.981,453713.927,0.000,0.000,0.000,0.000,14.001,0.000,123.026,0.000,0.080,12.494,22.789,0.000,46.381,123.036,45.399,0.064,10.940,23.166,0.202,49.548,0.000,0.000,0.000,0.000,0.000,0.000,0.000,29.000,2.000,2024.000,9.000,27.000,15.000
5.000,417.872,1007.808,13.380,1.225,979.363,39.982,453721.908,0.000,0.000,0.000,0.000,14.001,0.000,123.193,0.000,0.131,15.079,22.781,0.000,46.451,123.028,44.171,0.059,11.316,23.134,2.229,49.717,0.000,0.000,0.000,0.000,0.000,0.000,0.000,29.000,2.000,2024.000,9.000,27.000,16.000
5.000,417.872,1007.808,13.380,1.225,979.363,39.982,453721.908,0.000,0.000,0.000,0.000,14.001,0.000,123.074,0.000,0.057,12.500,22.778,0.000,46.248,123.053,39.786,0.065,10.776,23.126,0.122,49.580,0.000,0.000,0.000,0.000,0.000,0.000,0.000,29.000,2.000,2024.000,9.000,27.000,16.000
5.000,417.874,1007.806,13.380,1.225,979.367,39.982,453722.552,0.000,0.000,0.000,0.000,14.001,0.000,123.095,0.000,0.047,15.974,22.786,0.000,46.328,123.063,38.575,0.065,12.467,23.149,0.764,49.703,0.000,0.000,0.000,0.000,0.000,0.000,0.000,29.000,2.000,2024.000,9.000,27.000,16.000
5.000,417.874,1007.806,13.380,1.225,979.367,39.982,453722.552,0.000,0.000,0.000,0.000,14.001,0.000,122.921,0.000,0.190,16.263,22.789,0.000,46.360,123.108,39.841,0.045,9.997,23.158,2.321,49.559,0.000,0.000,0.000,0.000,0.000,0.000,0.000,29.000,2.000,2024.000,9.000,27.000,16.000
5.000,417.946,1007.807,13.380,1.225,979.537,39.986,453762.166,0.000,0.000,0.000,0.000,14.001,0.000,122.972,0.000,0.227,11.267,22.797,0.000,46.216,123.067,46.310,0.083,11.551,23.163,1.105,49.608,0.000,0.000,0.000,0.000,0.000,0.000,0.000,29.000,2.000,2024.000,9.000,27.000,16.000
5.000,417.946,1007.807,13.380,1.225,979.537,39.986,453762.166,0.000,0.000,0.000,0.000,14.001,0.000,122.983,0.000,0.057,10.776,22.803,0.000,46.430,122.963,48.648,0.048,10.253,23.166,0.412,49.660,0.000,0.000,0.000,0.000,0.000,0.000,0.000,29.000,2.000,2024.000,9.000,27.000,16.000
5.000,417.946,1007.807,13.380,1.225,979.537,39.986,453762.166,0.000,0.000,0.000,0.000,14.001,0.000,123.055,0.000,0.073,10.520,22.809,0.000,46.398,123.089,48.625,0.056,11.175,23.167,0.494,49.569,0.000,0.000,0.000,0.000,0.000,0.000,0.000,29.000,2.000,2024.000,9.000,27.000,16.000
5.000,417.962,1007.808,13.380,1.225,979.575,39.986,453771.144,0.000,0.000,0.000,0.000,14.001,0.000,123.081,0.000,0.119,13.449,22.816,0.000,46.440,123.043,49.541,0.048,16.541,23.169,0.833,49.520,0.000,0.000,0.000,0.000,0.000,0.000,0.000,29.000,2.000,2024.000,9.000,27.000,16.000
5.000,417.962,1007.808,13.380,1.225,979.575,39.986,453771.144,0.000,0.000,0.000,0.000,14.001,0.000,123.070,0.000,0.089,10.700,22.812,0.000,46.367,122.995,45.236,0.126,11.038,23.174,1.498,49.685,0.000,0.000,0.000,0.000,0.000,0.000,0.000,29.000,2.000,2024.000,9.000,27.000,16.000
5.000,417.964,1007.807,13.380,1.225,979.580,39.986,453772.013,0.000,0.000,0.000,0.000,14.001,0.000,123.076,0.000,0.058,10.760,22.806,0.000,46.437,123.022,44.369,0.132,14.954,23.183,1.334,49.692,0.000,0.000,0.000,0.000,0.000,0.000,0.000,29.000,2.000,2024.000,9.000,27.000,16.000
5.000,417.964,1007.807,13.380,1.225,979.580,39.986,453772.013,0.000,0.000,0.000,0.000,14.001,0.000,123.034,0.000,0.103,11.889,22.815,0.000,46.395,123.036,44.401,0.075,10.765,23.182,0.823,49.527,0.000,0.000,0.000,0.000,0.000,0.000,0.000,29.000,2.000,2024.000,9.000,27.000,17.000
5.000,417.989,1007.808,13.380,1.225,979.639,39.988,453785.914,0.000,0.000,0.000,0.000,14.001,0.000,123.133,0.000,0.102,11.027,22.835,0.000,46.269,122.997,42.243,0.084,9.702,23.180,1.640,49.534,0.000,0.000,0.000,0.000,0.000,0.000,0.000,29.000,2.000,2024.000,9.000,27.000,17.000
5.000,417.989,1007.808,13.380,1.225,979.639,39.988,453785.914,0.000,0.000,0.000,0.000,14.001,0.000,123.037,0.000,0.159,11.845,22.835,0.000,46.219,123.008,36.647,0.075,10.597,23.177,0.950,49.671,0.000,0.000,0.000,0.000,0.000,0.000,0.000,29.000,2.000,2024.000,9.000,27.000,17.000
5.000,418.008,1007.809,13.380,1.225,979.684,39.988,453796.532,0.000,0.000,0.000,0.000,14.001,0.000,122.997,0.000,0.133,12.456,22.834,0.000,46.538,123.016,38.763,0.058,10.400,23.168,0.457,49.601,0.000,0.000,0.000,0.000,0.000,0.000,0.000,29.000,2.000,2024.000,9.000,27.000,17.000
5.000,418.008,1007.809,13.380,1.225,979.684,39.988,453796.532,0.000,0.000,0.000,0.000,14.001,0.000,123.121,0.000,0.108,14.649,22.835,0.000,46.332,123.091,37.293,0.050,11.933,23.171,0.580,49.636,0.000,0.000,0.000,0.000,0.000,0.000,0.000,29.000,2.000,2024.000,9.000,27.000,17.000
5.000,418.040,1007.811,13.380,1.225,979.759,39.990,453814.486,0.000,0.000,0.000,0.000,14.001,0.000,122.944,0.000,0.045,13.449,22.841,0.000,46.395,122.997,38.107,0.032,10.580,23.196,0.667,49.604,0.000,0.000,0.000,0.000,0.000,0.000,0.000,29.000,2.000,2024.000,9.000,27.000,17.000
5.000,418.040,1007.811,13.380,1.225,979.759,39.990,453814.486,0.000,0.000,0.000,0.000,14.001,0.000,123.029,0.000,0.097,16.110,22.841,0.000,46.430,123.003,39.354,0.049,10.264,23.196,0.460,49.615,0.000,0.000,0.000,0.000,0.000,0.000,0.000,29.000,2.000,2024.000,9.000,27.000,17.000
5.000,418.030,1007.813,13.380,1.225,979.736,39.989,453809.466,0.000,0.000,0.000,0.000,14.001,0.000,123.019,0.000,0.109,12.560,22.853,0.000,46.430,123.030,39.044,0.066,12.031,23.219,0.496,49.611,0.000,0.000,0.000,0.000,0.000,0.000,0.000,29.000,2.000,2024.000,9.000,27.000,17.000
5.000,418.030,1007.813,13.380,1.225,979.736,39.989,453809.466,0.000,0.000,0.000,0.000,14.001,0.000,122.957,0.000,0.103,16.863,22.853,0.000,46.458,122.998,40.599,0.037,10.029,23.219,0.483,49.643,0.000,0.000,0.000,0.000,0.000,0.000,0.000,29.000,2.000,2024.000,9.000,27.000,17.000
5.000,418.030,1007.813,13.380,1.225,979.736,39.989,453809.466,0.000,0.000,0.000,0.000,14.001,0.000,122.963,0.000,0.106,12.380,22.857,0.000,46.405,122.991,40.336,0.071,10.864,23.205,0.887,49.734,0.000,0.000,0.000,0.000,0.000,0.000,0.000,29.000,2.000,2024.000,9.000,27.000,17.000
5.000,418.007,1007.815,13.380,1.225,979.681,39.988,453797.336,0.000,0.000,0.000,0.000,14.001,0.000,123.166,0.000,0.114,10.956,22.857,0.000,46.549,123.044,38.371,0.065,14.485,23.203,1.692,49.639,0.000,0.000,0.000,0.000,0.000,0.000,0.000,29.000,2.000,2024.000,9.000,27.000,18.000
5.000,418.007,1007.815,13.380,1.225,979.681,39.988,453797.336,0.000,0.000,0.000,0.000,14.001,0.000,123.110,0.000,0.178,10.989,22.862,0.000,46.325,123.001,33.570,0.053,14.152,23.216,1.817,49.601,0.000,0.000,0.000,0.000,0.000,0.000,0.000,29.000,2.000,2024.000,9.000,27.000,18.000
5.000,417.984,1007.816,13.380,1.225,979.627,39.987,453784.980,0.000,0.000,0.000,0.000,14.001,0.000,123.029,0.000,0.045,14.823,22.864,0.000,46.412,123.005,33.110,0.066,10.291,23.219,0.329,49.562,0.000,0.000,0.000,0.000,0.000,0.000,0.000,29.000,2.000,2024.000,9.000,27.000,18.000
5.000,417.984,1007.816,13.380,1.225,979.627,39.987,453784.980,0.000,0.000,0.000,0.000,14.001,0.000,123.052,0.000,0.127,11.038,22.848,0.000,46.496,123.003,32.515,0.050,12.832,23.214,0.850,49.590,0.000,0.000,0.000,0.000,0.000,0.000,0.000,29.000,2.000,2024.000,9.000,27.000,18.000
