94.000,105.162,1007.240,13.400,1.225,245.331,20.017,227003.846,0.000,0.000,0.000,0.000,-4.994,-0.005,2.376,0.000,0.148,0.027,15.514,0.000,29.876,2.597,136.235,0.161,0.038,15.870,2.038,29.887,0.000,0.000,0.000,0.000,0.000,0.000,0.000,29.000,2.000,2024.000,10.000,52.000,29.000
94.000,105.159,1007.240,13.400,1.225,245.324,20.017,227000.608,0.000,0.000,0.000,0.000,-4.994,-0.005,2.388,0.000,0.172,0.022,15.523,0.000,29.876,2.540,142.449,0.159,0.054,15.885,1.882,29.883,0.000,0.000,0.000,0.000,0.000,0.000,0.000,29.000,2.000,2024.000,10.000,52.000,30.000
94.000,105.159,1007.240,13.400,1.225,245.324,20.017,227000.608,0.000,0.000,0.000,0.000,-4.994,-0.005,2.355,0.000,0.161,0.033,15.522,0.000,29.876,2.609,151.741,0.170,0.038,15.898,3.039,29.887,0.000,0.000,0.000,0.000,0.000,0.000,0.000,29.000,2.000,2024.000,10.000,52.000,30.000
94.000,105.148,1007.239,13.400,1.225,245.299,20.016,226988.623,0.000,0.000,0.000,0.000,-4.994,-0.005,2.362,0.000,0.172,0.038,15.521,0.000,29.876,2.622,160.729,0.148,0.038,15.911,2.613,29.883,0.000,0.000,0.000,0.000,0.000,0.000,0.000,29.000,2.000,2024.000,10.000,52.000,30.000
94.000,105.148,1007.239,13.400,1.225,245.299,20.016,226988.623,0.000,0.000,0.000,0.000,-4.994,-0.005,2.349,0.000,0.172,0.049,15.526,0.000,29.876,2.675,171.024,0.189,0.033,15.894,3.319,29.887,0.000,0.000,0.000,0.000,0.000,0.000,0.000,29.000,2.000,2024.000,10.000,52.000,30.000
94.000,105.140,1007.235,13.400,1.225,245.280,20.015,226979.537,0.000,0.000,0.000,0.000,-4.994,-0.005,2.294,0.000,0.162,0.054,15.535,0.000,29.876,2.616,-75.596,0.183,0.065,15.870,141.102,29.887,0.000,0.000,0.000,0.000,0.000,0.000,0.000,29.000,2.000,2024.000,10.000,52.000,30.000
94.000,105.140,1007.235,13.400,1.225,245.280,20.015,226979.537,0.000,0.000,0.000,0.000,-4.994,-0.005,2.404,0.000,0.152,0.044,15.533,0.000,29.873,2.633,-168.965,0.183,0.022,15.859,2.735,29.887,0.000,0.000,0.000,0.000,0.000,0.000,0.000,29.000,2.000,2024.000,10.000,52.000,30.000
94.000,105.135,1007.233,13.400,1.225,245.268,20.015,226973.915,0.000,0.000,0.000,0.000,-4.994,-0.005,2.336,0.000,0.167,0.016,15.527,0.000,29.876,2.599,-159.884,0.153,0.038,15.835,3.006,29.887,0.000,0.000,0.000,0.000,0.000,0.000,0.000,29.000,2.000,2024.000,10.000,52.000,30.000
94.000,105.135,1007.233,13.400,1.225,245.268,20.015,226973.915,0.000,0.000,0.000,0.000,-4.994,-0.005,2.404,0.000,0.175,0.022,15.534,0.000,29.876,2.603,-151.731,0.184,0.049,15.867,2.835,29.887,0.000,0.000,0.000,0.000,0.000,0.000,0.000,29.000,2.000,2024.000,10.000,52.000,30.000
94.000,105.136,1007.234,13.400,1.225,245.271,20.015,226975.107,0.000,0.000,0.000,0.000,-4.994,-0.005,2.404,0.000,0.157,0.022,15.561,0.000,29.876,2.591,-144.684,0.167,0.038,15.994,2.862,29.887,0.000,0.000,0.000,0.000,0.000,0.000,0.000,29.000,2.000,2024.000,10.000,52.000,30.000
94.000,105.136,1007.234,13.400,1.225,245.271,20.015,226975.107,0.000,0.000,0.000,0.000,-4.994,-0.005,2.331,0.000,0.163,0.054,15.558,0.000,29.876,2.564,-137.969,0.155,0.044,15.971,2.715,29.887,0.000,0.000,0.000,0.000,0.000,0.000,0.000,29.000,2.000,2024.000,10.000,52.000,30.000
94.000,105.141,1007.233,13.400,1.225,245.282,20.015,226980.391,0.000,0.000,0.000,0.000,-4.994,-0.005,2.314,0.000,0.146,0.054,15.531,0.000,29.876,2.627,-127.556,0.212,0.033,15.761,4.195,29.887,0.000,0.000,0.000,0.000,0.000,0.000,0.000,29.000,2.000,2024.000,10.000,52.000,31.000
94.000,105.141,1007.233,13.400,1.225,245.282,20.015,226980.391,0.000,0.000,0.000,0.000,-4.994,-0.005,2.370,0.000,0.164,0.060,15.531,0.000,29.876,2.643,-117.190,0.168,0.071,15.761,2.709,29.887,0.000,0.000,0.000,0.000,0.000,0.000,0.000,29.000,2.000,2024.000,10.000,52.000,31.000
94.000,105.141,1007.233,13.400,1.225,245.282,20.015,226980.391,0.000,0.000,0.000,0.000,-4.994,-0.005,2.331,0.000,0.160,0.022,15.518,0.000,29.876,2.629,-108.397,0.173,0.049,15.940,2.664,29.883,0.000,0.000,0.000,0.000,0.000,0.000,0.000,29.000,2.000,2024.000,10.000,52.000,31.000
94.000,105.140,1007.235,13.400,1.225,245.280,20.015,226979.537,0.000,0.000,0.000,0.000,-4.994,-0.005,2.330,0.000,0.161,0.011,15.518,0.000,29.876,2.638,-97.973,0.185,0.038,15.940,2.525,29.887,0.000,0.000,0.000,0.000,0.000,0.000,0.000,29.000,2.000,2024.000,10.000,52.000,31.000
94.000,105.140,1007.235,13.400,1.225,245.280,20.015,226979.537,0.000,0.000,0.000,0.000,-4.994,-0.005,2.336,0.000,0.148,0.027,15.481,0.000,29.876,2.649,-88.763,0.143,0.044,15.886,2.994,29.887,0.000,0.000,0.000,0.000,0.000,0.000,0.000,29.000,2.000,2024.000,10.000,52.000,31.000
94.000,105.141,1007.237,13.400,1.225,245.282,20.015,226980.842,0.000,0.000,0.000,0.000,-4.994,-0.005,2.329,0.000,0.161,0.033,15.477,0.000,29.876,2.612,-77.960,0.163,0.038,15.880,3.061,29.883,0.000,0.000,0.000,0.000,0.000,0.000,0.000,29.000,2.000,2024.000,10.000,52.000,31.000
94.000,105.141,1007.237,13.400,1.225,245.282,20.015,226980.842,0.000,0.000,0.000,0.000,-4.994,-0.005,2.358,0.000,0.154,0.027,15.518,0.000,29.876,2.515,-70.356,0.161,0.038,15.863,1.803,29.887,0.000,0.000,0.000,0.000,0.000,0.000,0.000,29.000,2.000,2024.000,10.000,52.000,31.000
94.000,105.143,1007.237,13.400,1.225,245.287,20.016,226983.000,0.000,0.000,0.000,0.000,-4.994,-0.005,2.369,0.000,0.166,0.054,15.528,0.000,29.876,2.618,-62.784,0.181,0.060,15.859,3.214,29.887,0.000,0.000,0.000,0.000,0.000,0.000,0.000,29.000,2.000,2024.000,10.000,52.000,31.000
94.000,105.143,1007.237,13.400,1.225,245.287,20.016,226983.000,0.000,0.000,0.000,0.000,-4.994,-0.005,2.360,0.000,0.151,0.033,15.507,0.000,29.876,2.610,-53.653,0.160,0.054,15.871,2.672,29.883,0.000,0.000,0.000,0.000,0.000,0.000,0.000,29.000,2.000,2024.000,10.000,52.000,31.000
94.000,105.149,1007.236,13.400,1.225,245.301,20.016,226989.364,0.000,0.000,0.000,0.000,-4.994,-0.005,2.385,0.000,0.175,0.049,15.498,0.000,29.876,2.671,-43.473,0.167,0.049,15.877,2.800,29.883,0.000,0.000,0.000,0.000,0.000,0.000,0.000,29.000,2.000,2024.000,10.000,52.000,31.000
94.000,105.149,1007.236,13.400,1.225,245.301,20.016,226989.364,0.000,0.000,0.000,0.000,-4.994,-0.005,2.366,0.000,0.168,0.049,15.514,0.000,29.876,2.587,-35.290,0.198,0.054,15.873,2.187,29.883,0.000,0.000,0.000,0.000,0.000,0.000,0.000,29.000,2.000,2024.000,10.000,52.000,32.000
94.000,105.157,1007.236,13.400,1.225,245.320,20.017,226997.999,0.000,0.000,0.000,0.000,-4.994,-0.005,2.332,0.000,0.164,0.065,15.525,0.000,29.876,2.646,-26.983,0.176,0.054,15.870,4.022,29.887,0.000,0.000,0.000,0.000,0.000,0.000,0.000,29.000,2.000,2024.000,10.000,52.000,32.000
94.000,105.157,1007.236,13.400,1.225,245.320,20.017,226997.999,0.000,0.000,0.000,0.000,-4.994,-0.005,2.404,0.000,0.153,0.065,15.504,0.000,29.876,2.584,-17.205,0.157,0.027,15.871,2.604,29.887,0.000,0.000,0.000,0.000,0.000,0.000,0.000,29.000,2.000,2024.000,10.000,52.000,32.000
94.000,105.165,1007.236,13.400,1.225,245.338,20.018,227006.633,0.000,0.000,0.000,0.000,-4.994,-0.005,2.324,0.000,0.182,0.044,15.483,0.000,29.876,2.577,-9.248,0.162,0.038,15.873,3.729,29.887,0.000,0.000,0.000,0.000,0.000,0.000,0.000,29.000,2.000,2024.000,10.000,52.000,32.000
94.000,105.165,1007.236,13.400,1.225,245.338,20.018,227006.633,0.000,0.000,0.000,0.000,-4.994,-0.005,2.405,0.000,0.167,0.049,15.510,0.000,29.876,2.592,0.235,0.178,0.049,15.876,3.081,29.887,0.000,0.000,0.000,0.000,0.000,0.000,0.000,29.000,2.000,2024.000,10.000,52.000,32.000
94.000,105.165,1007.236,13.400,1.225,245.338,20.018,227006.633,0.000,0.000,0.000,0.000,-4.994,-0.005,2.375,0.000,0.149,0.027,15.552,0.000,29.876,2.577,6.210,0.160,0.065,15.880,2.857,29.887,0.000,0.000,0.000,0.000,0.000,0.000,0.000,29.000,2.000,2024.000,10.000,52.000,32.000
94.000,105.169,1007.238,13.400,1.225,245.348,20.018,227011.175,0.000,0.000,0.000,0.000,-4.994,-0.005,2.334,0.000,0.150,0.054,15.545,0.000,29.876,2.686,16.910,0.196,0.038,15.876,3.691,29.887,0.000,0.000,0.000,0.000,0.000,0.000,0.000,29.000,2.000,2024.000,10.000,52.000,32.000
94.000,105.169,1007.238,13.400,1.225,245.348,20.018,227011.175,0.000,0.000,0.000,0.000,-4.994,-0.005,2.323,0.000,0.152,0.060,15.529,0.000,29.876,2.609,26.782,0.200,0.049,15.867,3.336,29.887,0.000,0.000,0.000,0.000,0.000,0.000,0.000,29.000,2.000,2024.000,10.000,52.000,32.000
94.000,105.179,1007.235,13.400,1.225,245.371,20.019,227021.630,0.000,0.000,0.000,0.000,-4.994,-0.005,2.357,0.000,0.155,0.033,15.535,0.000,29.876,2.611,34.140,0.173,0.027,15.856,1.971,29.887,0.000,0.000,0.000,0.000,0.000,0.000,0.000,29.000,2.000,2024.000,10.000,52.000,32.000
94.000,105.179,1007.235,13.400,1.225,245.371,20.019,227021.630,0.000,0.000,0.000,0.000,-4.994,-0.005,2.323,0.000,0.160,0.022,15.560,0.000,29.873,2.609,43.338,0.176,0.033,15.812,2.235,29.887,0.000,0.000,0.000,0.000,0.000,0.000,0.000,29.000,2.000,2024.000,10.000,52.000,32.000
94.000,105.177,1007.233,13.400,1.225,245.366,20.019,227019.246,0.000,0.000,0.000,0.000,-4.994,-0.005,2.337,0.000,0.172,0.054,15.556,0.000,29.876,2.604,52.761,0.170,0.044,15.830,2.727,29.887,0.000,0.000,0.000,0.000,0.000,0.000,0.000,29.000,2.000,2024.000,10.000,52.000,33.000
94.000,105.177,1007.233,13.400,1.225,245.366,20.019,227019.246,0.000,0.000,0.000,0.000,-4.994,-0.005,2.367,0.000,0.161,0.016,15.524,0.000,29.876,2.620,61.253,0.164,0.033,15.999,2.704,29.887,0.000,0.000,0.000,0.000,0.000,0.000,0.000,29.000,2.000,2024.000,10.000,52.000,33.000
94.000,105.175,1007.232,13.400,1.225,245.362,20.019,227016.975,0.000,0.000,0.000,0.000,-4.994,-0.005,2.305,0.000,0.159,0.076,15.524,0.000,29.876,2.524,69.787,0.156,0.027,15.999,2.217,29.887,0.000,0.000,0.000,0.000,0.000,0.000,0.000,29.000,2.000,2024.000,10.000,52.000,33.000
94.000,105.175,1007.232,13.400,1.225,245.362,20.019,227016.975,0.000,0.000,0.000,0.000,-4.994,-0.005,2.376,0.000,0.154,0.060,15.538,0.000,29.876,2.629,79.737,0.195,0.016,15.750,2.539,29.887,0.000,0.000,0.000,0.000,0.000,0.000,0.000,29.000,2.000,2024.000,10.000,52.000,33.000
94.000,105.176,1007.233,13.400,1.225,245.364,20.019,227018.167,0.000,0.000,0.000,0.000,-4.994,-0.005,2.347,0.000,0.160,0.071,15.538,0.000,29.876,2.600,88.022,0.177,0.044,15.750,2.671,29.887,0.000,0.000,0.000,0.000,0.000,0.000,0.000,29.000,2.000,2024.000,10.000,52.000,33.000
94.000,105.176,1007.233,13.400,1.225,245.364,20.019,227018.167,0.000,0.000,0.000,0.000,-4.994,-0.005,2.338,0.000,0.168,0.087,15.467,0.000,29.873,2.602,96.553,0.132,0.071,15.871,2.165,29.887,0.000,0.000,0.000,0.000,0.000,0.000,0.000,29.000,2.000,2024.000,10.000,52.000,33.000
94.000,105.169,1007.233,13.400,1.225,245.348,20.018,227010.612,0.000,0.000,0.000,0.000,-4.994,-0.005,2.360,0.000,0.158,0.044,15.459,0.000,29.876,2.610,105.696,0.192,0.033,15.884,2.010,29.887,0.000,0.000,0.000,0.000,0.000,0.000,0.000,29.000,2.000,2024.000,10.000,52.000,33.000
94.000,105.169,1007.233,13.400,1.225,245.348,20.018,227010.612,0.000,0.000,0.000,0.000,-4.994,-0.005,2.370,0.000,0.162,0.033,15.499,0.000,29.873,2.645,113.656,0.160,0.060,15.884,3.558,29.887,0.000,0.000,0.000,0.000,0.000,0.000,0.000,29.000,2.000,2024.000,10.000,52.000,33.000
94.000,105.169,1007.233,13.400,1.225,245.348,20.018,227010.612,0.000,0.000,0.000,0.000,-4.994,-0.005,2.327,0.000,0.163,0.022,15.509,0.000,29.873,2.638,124.186,0.147,0.060,15.884,3.984,29.887,0.000,0.000,0.000,0.000,0.000,0.000,0.000,29.000,2.000,2024.000,10.000,52.000,33.000
94.000,105.174,1007.232,13.400,1.225,245.359,20.019,227015.895,0.000,0.000,0.000,0.000,-4.994,-0.005,2.379,0.000,0.149,0.033,15.494,0.000,29.876,2.517,133.171,0.169,0.044,15.859,2.350,29.887,0.000,0.000,0.000,0.000,0.000,0.000,0.000,29.000,2.000,2024.000,10.000,52.000,33.000
94.000,105.174,1007.232,13.400,1.225,245.359,20.019,227015.895,0.000,0.000,0.000,0.000,-4.994,-0.005,2.346,0.000,0.169,0.038,15.488,0.000,29.876,2.646,141.122,0.176,0.022,15.848,4.426,29.887,0.000,0.000,0.000,0.000,0.000,0.000,0.000,29.000,2.000,2024.000,10.000,52.000,34.000
94.000,105.177,1007.234,13.400,1.225,245.366,20.019,227019.358,0.000,0.000,0.000,0.000,-4.994,-0.005,2.429,0.000,0.162,0.027,15.493,0.000,29.876,2.531,149.413,0.152,0.060,15.856,2.454,29.887,0.000,0.000,0.000,0.000,0.000,0.000,0.000,29.000,2.000,2024.000,10.000,52.000,34.000
94.000,105.177,1007.234,13.400,1.225,245.366,20.019,227019.358,0.000,0.000,0.000,0.000,-4.994,-0.005,2.393,0.000,0.153,0.065,15.496,0.000,29.876,2.625,156.412,0.182,0.022,15.860,2.725,29.887,0.000,0.000,0.000,0.000,0.000,0.000,0.000,29.000,2.000,2024.000,10.000,52.000,34.000
94.000,105.182,1007.235,13.400,1.225,245.378,20.019,227024.867,0.000,0.000,0.000,0.000,-4.994,-0.005,2.351,0.000,0.156,0.082,15.496,0.000,29.876,2.576,164.891,0.183,0.044,15.860,2.401,29.887,0.000,0.000,0.000,0.000,0.000,0.000,0.000,29.000,2.000,2024.000,10.000,52.000,34.000
94.000,105.182,1007.235,13.400,1.225,245.378,20.019,227024.867,0.000,0.000,0.000,0.000,-4.994,-0.005,2.347,0.000,0.164,0.033,15.496,0.000,29.876,2.622,172.975,0.172,0.038,15.860,2.991,29.887,0.000,0.000,0.000,0.000,0.000,0.000,0.000,29.000,2.000,2024.000,10.000,52.000,34.000
94.000,105.178,1007.234,13.400,1.225,245.369,20.019,227020.438,0.000,0.000,0.000,0.000,-4.994,-0.005,2.353,0.000,0.162,0.022,15.496,0.000,29.876,2.586,-120.964,0.162,0.038,15.854,105.786,29.883,0.000,0.000,0.000,0.000,0.000,0.000,0.000,29.000,2.000,2024.000,10.000,52.000,34.000
94.000,105.178,1007.234,13.400,1.225,245.369,20.019,227020.438,0.000,0.000,0.000,0.000,-4.994,-0.005,2.335,0.000,0.159,0.065,15.496,0.000,29.876,2.554,-170.454,0.168,0.065,15.845,2.145,29.883,0.000,0.000,0.000,0.000,0.000,0.000,0.000,29.000,2.000,2024.000,10.000,52.000,34.000
94.000,105.183,1007.235,13.400,1.225,245.380,20.019,227025.946,0.000,0.000,0.000,0.000,-4.994,-0.005,2.330,0.000,0.159,0.011,15.500,0.000,29.873,2.583,-161.882,0.160,0.065,15.849,2.999,29.887,0.000,0.000,0.000,0.000,0.000,0.000,0.000,29.000,2.000,2024.000,10.000,52.000,34.000
94.000,105.183,1007.235,13.400,1.225,245.380,20.019,227025.946,0.000,0.000,0.000,0.000,-4.994,-0.005,2.375,0.000,0.175,0.016,15.509,0.000,29.873,2.580,-154.199,0.172,0.044,15.858,2.163,29.883,0.000,0.000,0.000,0.000,0.000,0.000,0.000,29.000,2.000,2024.000,10.000,52.000,34.000
94.000,105.188,1007.233,13.400,1.225,245.392,20.020,227031.117,0.000,0.000,0.000,0.000,-4.994,-0.005,2.306,0.000,0.161,0.049,15.508,0.000,29.876,2.621,-142.823,0.163,0.044,15.857,3.672,29.887,0.000,0.000,0.000,0.000,0.000,0.000,0.000,29.000,2.000,2024.000,10.000,52.000,34.000
94.000,105.188,1007.233,13.400,1.225,245.392,20.020,227031.117,0.000,0.000,0.000,0.000,-4.994,-0.005,2.393,0.000,0.165,0.044,15.504,0.000,29.876,2.584,-133.872,0.213,0.054,15.852,1.859,29.887,0.000,0.000,0.000,0.000,0.000,0.000,0.000,29.000,2.000,2024.000,10.000,52.000,35.000
94.000,105.188,1007.234,13.400,1.225,245.392,20.020,227031.229,0.000,0.000,0.000,0.000,-4.994,-0.005,2.348,0.000,0.171,0.005,15.504,0.000,29.876,2.592,-127.833,0.128,0.049,15.848,2.046,29.887,0.000,0.000,0.000,0.000,0.000,0.000,0.000,29.000,2.000,2024.000,10.000,52.000,35.000
94.000,105.188,1007.234,13.400,1.225,245.392,20.020,227031.229,0.000,0.000,0.000,0.000,-4.994,-0.005,2.353,0.000,0.157,0.033,15.505,0.000,29.876,2.622,-117.679,0.204,0.038,15.816,2.878,29.887,0.000,0.000,0.000,0.000,0.000,0.000,0.000,29.000,2.000,2024.000,10.000,52.000,35.000
94.000,105.188,1007.234,13.400,1.225,245.392,20.020,227031.229,0.000,0.000,0.000,0.000,-4.994,-0.005,2.351,0.000,0.135,0.000,15.505,0.000,29.873,2.607,-108.517,0.171,0.016,15.816,2.632,29.887,0.000,0.000,0.000,0.000,0.000,0.000,0.000,29.000,2.000,2024.000,10.000,52.000,35.000
94.000,105.187,1007.232,13.400,1.225,245.390,20.020,227029.925,0.000,0.000,0.000,0.000,-4.994,-0.005,2.350,0.000,0.161,0.054,15.515,0.000,29.873,2.632,-99.592,0.171,0.033,15.991,3.539,29.887,0.000,0.000,0.000,0.000,0.000,0.000,0.000,29.000,2.000,2024.000,10.000,52.000,35.000
94.000,105.187,1007.232,13.400,1.225,245.390,20.020,227029.925,0.000,0.000,0.000,0.000,-4.994,-0.005,2.284,0.000,0.160,0.033,15.515,0.000,29.873,2.517,-90.747,0.176,0.038,15.991,3.235,29.887,0.000,0.000,0.000,0.000,0.000,0.000,0.000,29.000,2.000,2024.000,10.000,52.000,35.000
94.000,105.184,1007.231,13.400,1.225,245.383,20.020,227026.575,0.000,0.000,0.000,0.000,-4.994,-0.005,2.395,0.000,0.162,0.071,15.508,0.000,29.876,2.615,-80.948,0.187,0.054,15.771,3.554,29.887,0.000,0.000,0.000,0.000,0.000,0.000,0.000,29.000,2.000,2024.000,10.000,52.000,35.000
94.000,105.184,1007.231,13.400,1.225,245.383,20.020,227026.575,0.000,0.000,0.000,0.000,-4.994,-0.005,2.338,0.000,0.163,0.076,15.507,0.000,29.876,2.564,-72.543,0.180,0.033,15.747,3.680,29.887,0.000,0.000,0.000,0.000,0.000,0.000,0.000,29.000,2.000,2024.000,10.000,52.000,35.000
94.000,105.185,1007.226,13.400,1.225,245.385,20.020,227027.090,0.000,0.000,0.000,0.000,-4.994,-0.005,2.369,0.000,0.159,0.022,15.492,0.000,29.876,2.595,-64.022,0.178,0.038,15.849,2.815,29.887,0.000,0.000,0.000,0.000,0.000,0.000,0.000,29.000,2.000,2024.000,10.000,52.000,35.000
94.000,105.185,1007.226,13.400,1.225,245.385,20.020,227027.090,0.000,0.000,0.000,0.000,-4.994,-0.005,2.378,0.000,0.152,0.011,15.488,0.000,29.873,2.602,-55.973,0.175,0.044,15.875,2.444,29.887,0.000,0.000,0.000,0.000,0.000,0.000,0.000,29.000,2.000,2024.000,10.000,52.000,35.000
94.000,105.189,1007.226,13.400,1.225,245.394,20.020,227031.407,0.000,0.000,0.000,0.000,-4.994,-0.005,2.369,0.000,0.160,0.038,15.489,0.000,29.873,2.633,-48.028,0.171,0.054,15.881,2.509,29.887,0.000,0.000,0.000,0.000,0.000,0.000,0.000,29.000,2.000,2024.000,10.000,52.000,36.000
94.000,105.189,1007.226,13.400,1.225,245.394,20.020,227031.407,0.000,0.000,0.000,0.000,-4.994,-0.005,2.349,0.000,0.154,0.027,15.489,0.000,29.873,2.654,-36.880,0.163,0.033,15.883,2.935,29.887,0.000,0.000,0.000,0.000,0.000,0.000,0.000,29.000,2.000,2024.000,10.000,52.000,36.000
94.000,105.202,1007.224,13.400,1.225,245.424,20.021,227045.210,0.000,0.000,0.000,0.000,-4.994,-0.005,2.402,0.000,0.158,0.082,15.490,0.000,29.876,2.537,-29.248,0.159,0.038,15.845,1.320,29.887,0.000,0.000,0.000,0.000,0.000,0.000,0.000,29.000,2.000,2024.000,10.000,52.000,36.000
94.000,105.202,1007.224,13.400,1.225,245.424,20.021,227045.210,0.000,0.000,0.000,0.000,-4.994,-0.005,2.337,0.000,0.159,0.033,15.490,0.000,29.876,2.629,-21.788,0.178,0.022,15.820,3.395,29.887,0.000,0.000,0.000,0.000,0.000,0.000,0.000,29.000,2.000,2024.000,10.000,52.000,36.000
94.000,105.202,1007.224,13.400,1.225,245.424,20.021,227045.210,0.000,0.000,0.000,0.000,-4.994,-0.005,2.358,0.000,0.167,0.011,15.489,0.000,29.876,2.538,-12.479,0.151,0.033,15.831,2.018,29.887,0.000,0.000,0.000,0.000,0.000,0.000,0.000,29.000,2.000,2024.000,10.000,52.000,36.000
94.000,105.209,1007.224,13.380,1.225,245.441,20.021,227073.020,0.000,0.000,0.000,0.000,-4.994,-0.005,2.362,0.000,0.188,0.011,15.487,0.000,29.876,2.580,-5.694,0.158,0.065,15.842,2.553,29.887,0.000,0.000,0.000,0.000,0.000,0.000,0.000,29.000,2.000,2024.000,10.000,52.000,36.000
94.000,105.209,1007.224,13.380,1.225,245.441,20.021,227073.020,0.000,0.000,0.000,0.000,-4.994,-0.005,2.329,0.000,0.151,0.016,15.491,0.000,29.876,2.570,4.292,0.201,0.049,15.838,2.354,29.887,0.000,0.000,0.000,0.000,0.000,0.000,0.000,29.000,2.000,2024.000,10.000,52.000,36.000
94.000,105.219,1007.225,13.400,1.225,245.464,20.023,227063.666,0.000,0.000,0.000,0.000,-4.994,-0.005,2.403,0.000,0.199,0.060,15.497,0.000,29.876,2.607,8.821,0.095,0.065,15.833,1.098,29.887,0.000,0.000,0.000,0.000,0.000,0.000,0.000,29.000,2.000,2024.000,10.000,52.000,36.000
94.000,105.219,1007.225,13.400,1.225,245.464,20.023,227063.666,0.000,0.000,0.000,0.000,-4.994,-0.005,2.369,0.000,0.183,0.054,15.493,0.000,29.876,2.612,17.411,0.197,0.065,15.828,2.016,29.883,0.000,0.000,0.000,0.000,0.000,0.000,0.000,29.000,2.000,2024.000,10.000,52.000,36.000
94.000,105.220,1007.226,13.400,1.225,245.466,20.023,227064.858,0.000,0.000,0.000,0.000,-4.994,-0.005,2.318,0.000,0.167,0.038,15.483,0.000,29.876,2.579,25.509,0.191,0.054,15.818,2.381,29.887,0.000,0.000,0.000,0.000,0.000,0.000,0.000,29.000,2.000,2024.000,10.000,52.000,36.000
94.000,105.220,1007.226,13.400,1.225,245.466,20.023,227064.858,0.000,0.000,0.000,0.000,-4.994,-0.005,2.393,0.000,0.139,0.027,15.484,0.000,29.876,2.584,33.537,0.155,0.060,15.819,2.886,29.887,0.000,0.000,0.000,0.000,0.000,0.000,0.000,29.000,2.000,2024.000,10.000,52.000,37.000
94.000,105.223,1007.226,13.400,1.225,245.473,20.023,227068.095,0.000,0.000,0.000,0.000,-4.994,-0.005,2.338,0.000,0.171,0.022,15.485,0.000,29.876,2.571,41.304,0.183,0.033,15.824,3.121,29.887,0.000,0.000,0.000,0.000,0.000,0.000,0.000,29.000,2.000,2024.000,10.000,52.000,37.000
94.000,105.223,1007.226,13.400,1.225,245.473,20.023,227068.095,0.000,0.000,0.000,0.000,-4.994,-0.005,2.322,0.000,0.167,0.076,15.487,0.000,29.876,2.665,52.422,0.170,0.033,15.824,4.771,29.887,0.000,0.000,0.000,0.000,0.000,0.000,0.000,29.000,2.000,2024.000,10.000,52.000,37.000
94.000,105.223,1007.225,13.400,1.225,245.473,20.023,227067.982,0.000,0.000,0.000,0.000,-4.994,-0.005,2.407,0.000,0.172,0.038,15.503,0.000,29.876,2.605,62.891,0.209,0.044,15.830,3.567,29.887,0.000,0.000,0.000,0.000,0.000,0.000,0.000,29.000,2.000,2024.000,10.000,52.000,37.000
94.000,105.223,1007.225,13.400,1.225,245.473,20.023,227067.982,0.000,0.000,0.000,0.000,-4.994,-0.005,2.335,0.000,0.157,0.065,15.503,0.000,29.876,2.568,70.291,0.162,0.049,15.830,2.865,29.887,0.000,0.000,0.000,0.000,0.000,0.000,0.000,29.000,2.000,2024.000,10.000,52.000,37.000
94.000,105.217,1007.223,13.400,1.225,245.459,20.023,227061.283,0.000,0.000,0.000,0.000,-4.994,-0.005,2.412,0.000,0.150,0.054,15.498,0.000,29.876,2.620,79.302,0.197,0.060,15.789,2.558,29.887,0.000,0.000,0.000,0.000,0.000,0.000,0.000,29.000,2.000,2024.000,10.000,52.000,37.000
94.000,105.217,1007.223,13.400,1.225,245.459,20.023,227061.283,0.000,0.000,0.000,0.000,-4.994,-0.005,2.370,0.000,0.148,0.054,15.498,0.000,29.876,2.585,84.865,0.182,0.054,15.789,1.911,29.887,0.000,0.000,0.000,0.000,0.000,0.000,0.000,29.000,2.000,2024.000,10.000,52.000,37.000
94.000,105.217,1007.223,13.400,1.225,245.459,20.023,227061.283,0.000,0.000,0.000,0.000,-4.994,-0.005,2.320,0.000,0.152,0.022,15.489,0.000,29.876,2.626,93.449,0.158,0.049,15.924,2.802,29.883,0.000,0.000,0.000,0.000,0.000,0.000,0.000,29.000,2.000,2024.000,10.000,52.000,37.000
94.000,105.222,1007.222,13.400,1.225,245.471,20.023,227066.565,0.000,0.000,0.000,0.000,-4.994,-0.005,2.321,0.000,0.155,0.076,15.488,0.000,29.876,2.534,102.817,0.153,0.054,15.939,2.117,29.887,0.000,0.000,0.000,0.000,0.000,0.000,0.000,29.000,2.000,2024.000,10.000,52.000,37.000
94.000,105.222,1007.222,13.400,1.225,245.471,20.023,227066.565,0.000,0.000,0.000,0.000,-4.994,-0.005,2.375,0.000,0.159,0.060,15.498,0.000,29.876,2.651,111.537,0.174,0.054,15.763,3.140,29.887,0.000,0.000,0.000,0.000,0.000,0.000,0.000,29.000,2.000,2024.000,10.000,52.000,37.000
94.000,105.223,1007.221,13.400,1.225,245.473,20.023,227067.531,0.000,0.000,0.000,0.000,-4.994,-0.005,2.349,0.000,0.151,0.016,15.500,0.000,29.873,2.597,120.844,0.168,0.044,15.719,2.617,29.887,0.000,0.000,0.000,0.000,0.000,0.000,0.000,29.000,2.000,2024.000,10.000,52.000,38.000
94.000,105.223,1007.221,13.400,1.225,245.473,20.023,227067.531,0.000,0.000,0.000,0.000,-4.994,-0.005,2.323,0.000,0.155,0.044,15.486,0.000,29.876,2.549,129.977,0.149,0.038,15.815,2.658,29.887,0.000,0.000,0.000,0.000,0.000,0.000,0.000,29.000,2.000,2024.000,10.000,52.000,38.000
94.000,105.221,1007.223,13.400,1.225,245.469,20.023,227065.599,0.000,0.000,0.000,0.000,-4.994,-0.005,2.352,0.000,0.168,0.054,15.479,0.000,29.876,2.581,138.185,0.194,0.044,15.857,2.290,29.887,0.000,0.000,0.000,0.000,0.000,0.000,0.000,29.000,2.000,2024.000,10.000,52.000,38.000
94.000,105.221,1007.223,13.400,1.225,245.469,20.023,227065.599,0.000,0.000,0.000,0.000,-4.994,-0.005,2.308,0.000,0.148,0.033,15.468,0.000,29.873,2.636,146.945,0.141,0.054,15.851,2.518,29.883,0.000,0.000,0.000,0.000,0.000,0.000,0.000,29.000,2.000,2024.000,10.000,52.000,38.000
94.000,105.228,1007.223,13.380,1.225,245.485,20.023,227093.410,0.000,0.000,0.000,0.000,-4.994,-0.005,2.344,0.000,0.172,0.000,15.460,0.000,29.873,2.656,157.316,0.188,0.038,15.847,2.699,29.887,0.000,0.000,0.000,0.000,0.000,0.000,0.000,29.000,2.000,2024.000,10.000,52.000,38.000
94.000,105.228,1007.223,13.380,1.225,245.485,20.023,227093.410,0.000,0.000,0.000,0.000,-4.994,-0.005,2.335,0.000,0.159,0.033,15.470,0.000,29.873,2.540,165.941,0.189,0.038,15.824,2.276,29.887,0.000,0.000,0.000,0.000,0.000,0.000,0.000,29.000,2.000,2024.000,10.000,52.000,38.000
94.000,105.229,1007.223,13.400,1.225,245.487,20.024,227074.231,0.000,0.000,0.000,0.000,-4.994,-0.005,2.334,0.000,0.161,0.087,15.481,0.000,29.876,2.631,121.667,0.173,0.033,15.801,104.232,29.887,0.000,0.000,0.000,0.000,0.000,0.000,0.000,29.000,2.000,2024.000,10.000,52.000,38.000
94.000,105.229,1007.223,13.400,1.225,245.487,20.024,227074.231,0.000,0.000,0.000,0.000,-4.994,-0.005,2.391,0.000,0.141,0.027,15.470,0.000,29.876,2.556,-176.391,0.167,0.044,15.818,2.767,29.887,0.000,0.000,0.000,0.000,0.000,0.000,0.000,29.000,2.000,2024.000,10.000,52.000,38.000
94.000,105.232,1007.223,13.400,1.225,245.494,20.024,227077.467,0.000,0.000,0.000,0.000,-4.994,-0.005,2.363,0.000,0.163,0.060,15.454,0.000,29.876,2.537,-170.354,0.173,0.060,15.843,3.072,29.883,0.000,0.000,0.000,0.000,0.000,0.000,0.000,29.000,2.000,2024.000,10.000,52.000,38.000
94.000,105.232,1007.223,13.400,1.225,245.494,20.024,227077.467,0.000,0.000,0.000,0.000,-4.994,-0.005,2.317,0.000,0.166,0.054,15.460,0.000,29.876,2.558,-161.379,0.181,0.038,15.834,3.729,29.887,0.000,0.000,0.000,0.000,0.000,0.000,0.000,29.000,2.000,2024.000,10.000,52.000,38.000
94.000,105.232,1007.223,13.400,1.225,245.494,20.024,227077.467,0.000,0.000,0.000,0.000,-4.994,-0.005,2.389,0.000,0.160,0.022,15.474,0.000,29.876,2.591,-154.053,0.153,0.049,15.812,2.456,29.887,0.000,0.000,0.000,0.000,0.000,0.000,0.000,29.000,2.000,2024.000,10.000,52.000,39.000
94.000,105.224,1007.223,13.400,1.225,245.476,20.023,227068.836,0.000,0.000,0.000,0.000,-4.994,-0.005,2.336,0.000,0.161,0.033,15.465,0.000,29.873,2.633,-144.247,0.198,0.022,15.813,3.579,29.883,0.000,0.000,0.000,0.000,0.000,0.000,0.000,29.000,2.000,2024.000,10.000,52.000,39.000
94.000,105.224,1007.223,13.400,1.225,245.476,20.023,227068.836,0.000,0.000,0.000,0.000,-4.994,-0.005,2.353,0.000,0.144,0.060,15.428,0.000,29.876,2.571,-134.940,0.181,0.054,15.816,2.342,29.887,0.000,0.000,0.000,0.000,0.000,0.000,0.000,29.000,2.000,2024.000,10.000,52.000,39.000
94.000,105.215,1007.223,13.380,1.225,245.455,20.022,227079.382,0.000,0.000,0.000,0.000,-4.994,-0.005,2.363,0.000,0.148,0.044,15.432,0.000,29.876,2.614,-128.198,0.164,0.038,15.819,2.268,29.887,0.000,0.000,0.000,0.000,0.000,0.000,0.000,29.000,2.000,2024.000,10.000,52.000,39.000
94.000,105.215,1007.223,13.380,1.225,245.455,20.022,227079.382,0.000,0.000,0.000,0.000,-4.994,-0.005,2.327,0.000,0.144,0.038,15.473,0.000,29.873,2.577,-119.184,0.157,0.033,15.838,2.306,29.887,0.000,0.000,0.000,0.000,0.000,0.000,0.000,29.000,2.000,2024.000,10.000,52.000,39.000
94.000,105.211,1007.224,13.380,1.225,245.445,20.021,227075.178,0.000,0.000,0.000,0.000,-4.994,-0.005,2.320,0.000,0.141,0.016,15.473,0.000,29.876,2.631,-109.540,0.145,0.049,15.838,3.911,29.887,0.000,0.000,0.000,0.000,0.000,0.000,0.000,29.000,2.000,2024.000,10.000,52.000,39.000
94.000,105.211,1007.224,13.380,1.225,245.445,20.021,227075.178,0.000,0.000,0.000,0.000,-4.994,-0.005,2.376,0.000,0.156,0.027,15.483,0.000,29.876,2.618,-98.790,0.190,0.065,15.822,2.751,29.887,0.000,0.000,0.000,0.000,0.000,0.000,0.000,29.000,2.000,2024.000,10.000,52.000,39.000
94.000,105.204,1007.224,13.380,1.225,245.429,20.021,227067.624,0.000,0.000,0.000,0.000,-4.994,-0.005,2.329,0.000,0.153,0.044,15.483,0.000,29.876,2.512,-91.485,0.149,0.049,15.822,2.024,29.887,0.000,0.000,0.000,0.000,0.000,0.000,0.000,29.000,2.000,2024.000,10.000,52.000,39.000
94.000,105.204,1007.224,13.380,1.225,245.429,20.021,227067.624,0.000,0.000,0.000,0.000,-4.994,-0.005,2.332,0.000,0.177,0.022,15.508,0.000,29.873,2.615,-81.637,0.204,0.054,15.795,3.000,29.887,0.000,0.000,0.000,0.000,0.000,0.000,0.000,29.000,2.000,2024.000,10.000,52.000,39.000
