92.000,104.606,1007.240,13.700,1.223,244.034,19.975,226100.406,0.000,0.000,0.000,0.000,12.001,-0.005,2.353,0.000,0.163,0.060,15.956,0.000,29.876,2.598,162.653,0.153,0.027,16.425,3.095,29.887,0.000,0.000,0.000,0.000,0.000,0.000,0.000,29.000,2.000,2024.000,10.000,51.000,7.000
92.000,104.588,1007.239,13.700,1.223,243.992,19.973,226080.840,0.000,0.000,0.000,0.000,12.001,-0.005,2.364,0.000,0.154,0.065,15.949,0.000,29.876,2.694,163.229,0.197,0.060,16.449,29.626,29.887,0.000,0.000,0.000,0.000,0.000,0.000,0.000,29.000,2.000,2024.000,10.000,51.000,7.000
92.000,104.588,1007.239,13.700,1.223,243.992,19.973,226080.840,0.000,0.000,0.000,0.000,12.001,-0.005,2.287,0.000,0.176,0.049,16.003,0.000,29.876,2.621,-136.896,0.200,0.044,16.305,88.959,29.887,0.000,0.000,0.000,0.000,0.000,0.000,0.000,29.000,2.000,2024.000,10.000,51.000,7.000
92.000,104.585,1007.241,13.700,1.223,243.985,19.973,226077.822,0.000,0.000,0.000,0.000,12.001,-0.005,2.335,0.000,0.156,0.054,16.016,0.000,29.876,2.650,-165.220,0.170,0.049,16.269,3.190,29.887,0.000,0.000,0.000,0.000,0.000,0.000,0.000,29.000,2.000,2024.000,10.000,51.000,7.000
92.000,104.585,1007.241,13.700,1.223,243.985,19.973,226077.822,0.000,0.000,0.000,0.000,12.001,-0.005,2.321,0.000,0.148,0.038,15.981,0.000,29.876,2.583,-154.765,0.160,0.060,16.283,2.618,29.883,0.000,0.000,0.000,0.000,0.000,0.000,0.000,29.000,2.000,2024.000,10.000,51.000,7.000
92.000,104.585,1007.241,13.700,1.223,243.985,19.973,226077.822,0.000,0.000,0.000,0.000,12.001,-0.005,2.308,0.000,0.166,0.065,15.966,0.000,29.873,2.694,-143.279,0.166,0.049,16.289,4.273,29.887,0.000,0.000,0.000,0.000,0.000,0.000,0.000,29.000,2.000,2024.000,10.000,51.000,7.000
92.000,104.568,1007.239,13.700,1.223,243.945,19.971,226059.224,0.000,0.000,0.000,0.000,12.001,-0.005,2.321,0.000,0.137,0.054,15.970,0.000,29.873,2.585,-131.100,0.174,0.049,16.315,3.146,29.887,0.000,0.000,0.000,0.000,0.000,0.000,0.000,29.000,2.000,2024.000,10.000,51.000,8.000
92.000,104.568,1007.239,13.700,1.223,243.945,19.971,226059.224,0.000,0.000,0.000,0.000,12.001,-0.005,2.368,0.000,0.149,0.044,15.973,0.000,29.876,2.561,-123.705,0.141,0.060,16.332,1.964,29.883,0.000,0.000,0.000,0.000,0.000,0.000,0.000,29.000,2.000,2024.000,10.000,51.000,8.000
92.000,104.571,1007.241,13.700,1.223,243.952,19.971,226062.691,0.000,0.000,0.000,0.000,12.001,-0.005,2.304,0.000,0.153,0.016,15.971,0.000,29.873,2.584,-114.388,0.205,0.049,16.312,2.758,29.883,0.000,0.000,0.000,0.000,0.000,0.000,0.000,29.000,2.000,2024.000,10.000,51.000,8.000
92.000,104.571,1007.241,13.700,1.223,243.952,19.971,226062.691,0.000,0.000,0.000,0.000,12.001,-0.005,2.320,0.000,0.131,0.044,15.969,0.000,29.876,2.640,-105.201,0.116,0.060,16.291,2.763,29.887,0.000,0.000,0.000,0.000,0.000,0.000,0.000,29.000,2.000,2024.000,10.000,51.000,8.000
92.000,104.568,1007.243,13.700,1.223,243.945,19.971,226059.673,0.000,0.000,0.000,0.000,12.001,-0.005,2.348,0.000,0.162,0.038,15.979,0.000,29.873,2.657,-93.996,0.202,0.054,16.309,2.880,29.887,0.000,0.000,0.000,0.000,0.000,0.000,0.000,29.000,2.000,2024.000,10.000,51.000,8.000
92.000,104.568,1007.243,13.700,1.223,243.945,19.971,226059.673,0.000,0.000,0.000,0.000,12.001,-0.005,2.305,0.000,0.153,0.027,15.995,0.000,29.876,2.590,-83.609,0.177,0.065,16.335,2.506,29.887,0.000,0.000,0.000,0.000,0.000,0.000,0.000,29.000,2.000,2024.000,10.000,51.000,8.000
92.000,104.548,1007.241,13.700,1.223,243.899,19.969,226037.830,0.000,0.000,0.000,0.000,12.001,-0.005,2.329,0.000,0.161,0.044,15.986,0.000,29.876,2.627,-73.472,0.159,0.044,16.324,3.369,29.887,0.000,0.000,0.000,0.000,0.000,0.000,0.000,29.000,2.000,2024.000,10.000,51.000,8.000
92.000,104.548,1007.241,13.700,1.223,243.899,19.969,226037.830,0.000,0.000,0.000,0.000,12.001,-0.005,2.385,0.000,0.150,0.033,15.966,0.000,29.873,2.572,-64.156,0.174,0.027,16.298,2.959,29.887,0.000,0.000,0.000,0.000,0.000,0.000,0.000,29.000,2.000,2024.000,10.000,51.000,8.000
92.000,104.539,1007.240,13.680,1.223,243.878,19.968,226048.129,0.000,0.000,0.000,0.000,12.001,-0.005,2.335,0.000,0.171,0.016,15.971,0.000,29.876,2.686,-54.202,0.160,0.044,16.296,4.881,29.887,0.000,0.000,0.000,0.000,0.000,0.000,0.000,29.000,2.000,2024.000,10.000,51.000,8.000
92.000,104.539,1007.240,13.680,1.223,243.878,19.968,226048.129,0.000,0.000,0.000,0.000,12.001,-0.005,2.433,0.000,0.174,0.044,15.992,0.000,29.876,2.604,-43.225,0.200,0.049,16.290,3.053,29.887,0.000,0.000,0.000,0.000,0.000,0.000,0.000,29.000,2.000,2024.000,10.000,51.000,8.000
92.000,104.524,1007.241,13.680,1.223,243.843,19.966,226032.024,0.000,0.000,0.000,0.000,12.001,-0.005,2.401,0.000,0.149,0.033,15.992,0.000,29.876,2.545,-38.747,0.153,0.060,16.290,2.045,29.887,0.000,0.000,0.000,0.000,0.000,0.000,0.000,29.000,2.000,2024.000,10.000,51.000,9.000
92.000,104.524,1007.241,13.680,1.223,243.843,19.966,226032.024,0.000,0.000,0.000,0.000,12.001,-0.005,2.327,0.000,0.185,0.049,15.996,0.000,29.876,2.607,-29.822,0.187,0.054,16.296,3.580,29.887,0.000,0.000,0.000,0.000,0.000,0.000,0.000,29.000,2.000,2024.000,10.000,51.000,9.000
92.000,104.524,1007.241,13.680,1.223,243.843,19.966,226032.024,0.000,0.000,0.000,0.000,12.001,-0.005,2.393,0.000,0.143,0.005,15.996,0.000,29.876,2.647,-21.513,0.163,0.054,16.296,2.148,29.887,0.000,0.000,0.000,0.000,0.000,0.000,0.000,29.000,2.000,2024.000,10.000,51.000,9.000
92.000,104.519,1007.238,13.680,1.223,243.831,19.966,226026.281,0.000,0.000,0.000,0.000,12.001,-0.005,2.346,0.000,0.139,0.049,15.966,0.000,29.876,2.627,-13.140,0.157,0.049,16.363,2.549,29.887,0.000,0.000,0.000,0.000,0.000,0.000,0.000,29.000,2.000,2024.000,10.000,51.000,9.000
92.000,104.519,1007.238,13.680,1.223,243.831,19.966,226026.281,0.000,0.000,0.000,0.000,12.001,-0.005,2.318,0.000,0.156,0.087,15.966,0.000,29.876,2.497,-4.597,0.152,0.044,16.363,1.542,29.887,0.000,0.000,0.000,0.000,0.000,0.000,0.000,29.000,2.000,2024.000,10.000,51.000,9.000
92.000,104.523,1007.239,13.680,1.223,243.841,19.966,226030.718,0.000,0.000,0.000,0.000,12.001,-0.005,2.400,0.000,0.142,0.027,15.970,0.000,29.873,2.636,2.001,0.171,0.033,16.221,2.739,29.887,0.000,0.000,0.000,0.000,0.000,0.000,0.000,29.000,2.000,2024.000,10.000,51.000,9.000
92.000,104.523,1007.239,13.680,1.223,243.841,19.966,226030.718,0.000,0.000,0.000,0.000,12.001,-0.005,2.310,0.000,0.154,0.044,15.971,0.000,29.876,2.560,11.201,0.173,0.049,16.205,2.870,29.887,0.000,0.000,0.000,0.000,0.000,0.000,0.000,29.000,2.000,2024.000,10.000,51.000,9.000
92.000,104.520,1007.242,13.680,1.223,243.834,19.966,226027.811,0.000,0.000,0.000,0.000,12.001,-0.005,2.295,0.000,0.146,0.011,15.960,0.000,29.876,2.527,20.444,0.152,0.060,16.392,2.563,29.887,0.000,0.000,0.000,0.000,0.000,0.000,0.000,29.000,2.000,2024.000,10.000,51.000,9.000
92.000,104.520,1007.242,13.680,1.223,243.834,19.966,226027.811,0.000,0.000,0.000,0.000,12.001,-0.005,2.418,0.000,0.155,0.049,15.957,0.000,29.876,2.572,27.017,0.185,0.027,16.439,1.726,29.887,0.000,0.000,0.000,0.000,0.000,0.000,0.000,29.000,2.000,2024.000,10.000,51.000,9.000
92.000,104.511,1007.239,13.680,1.223,243.813,19.965,226017.743,0.000,0.000,0.000,0.000,12.001,-0.005,2.390,0.000,0.200,0.022,15.979,0.000,29.876,2.650,34.095,0.155,0.049,16.324,2.893,29.887,0.000,0.000,0.000,0.000,0.000,0.000,0.000,29.000,2.000,2024.000,10.000,51.000,9.000
92.000,104.511,1007.239,13.680,1.223,243.813,19.965,226017.743,0.000,0.000,0.000,0.000,12.001,-0.005,2.296,0.000,0.145,0.016,15.988,0.000,29.876,2.659,45.944,0.163,0.022,16.275,3.246,29.887,0.000,0.000,0.000,0.000,0.000,0.000,0.000,29.000,2.000,2024.000,10.000,51.000,10.000
92.000,104.499,1007.239,13.680,1.223,243.785,19.964,226004.768,0.000,0.000,0.000,0.000,12.001,-0.005,2.346,0.000,0.149,0.044,15.963,0.000,29.876,2.587,56.567,0.196,0.027,16.262,2.222,29.887,0.000,0.000,0.000,0.000,0.000,0.000,0.000,29.000,2.000,2024.000,10.000,51.000,10.000
92.000,104.499,1007.239,13.680,1.223,243.785,19.964,226004.768,0.000,0.000,0.000,0.000,12.001,-0.005,2.367,0.000,0.172,0.038,15.946,0.000,29.876,2.620,63.869,0.166,0.049,16.254,2.854,29.887,0.000,0.000,0.000,0.000,0.000,0.000,0.000,29.000,2.000,2024.000,10.000,51.000,10.000
92.000,104.499,1007.239,13.680,1.223,243.785,19.964,226004.768,0.000,0.000,0.000,0.000,12.001,-0.005,2.319,0.000,0.154,0.054,15.983,0.000,29.876,2.542,72.857,0.145,0.038,16.285,3.191,29.887,0.000,0.000,0.000,0.000,0.000,0.000,0.000,29.000,2.000,2024.000,10.000,51.000,10.000
92.000,104.490,1007.241,13.680,1.223,243.764,19.963,225995.260,0.000,0.000,0.000,0.000,12.001,-0.005,2.282,0.000,0.179,0.065,16.019,0.000,29.876,2.539,82.101,0.166,0.044,16.316,3.441,29.887,0.000,0.000,0.000,0.000,0.000,0.000,0.000,29.000,2.000,2024.000,10.000,51.000,10.000
92.000,104.490,1007.241,13.680,1.223,243.764,19.963,225995.260,0.000,0.000,0.000,0.000,12.001,-0.005,2.349,0.000,0.156,0.038,15.986,0.000,29.876,2.592,91.361,0.188,0.044,16.294,3.079,29.887,0.000,0.000,0.000,0.000,0.000,0.000,0.000,29.000,2.000,2024.000,10.000,51.000,10.000
92.000,104.490,1007.241,13.680,1.223,243.764,19.963,225995.260,0.000,0.000,0.000,0.000,12.001,-0.005,2.281,0.000,0.156,0.065,15.936,0.000,29.876,2.569,99.933,0.144,0.044,16.261,3.443,29.887,0.000,0.000,0.000,0.000,0.000,0.000,0.000,29.000,2.000,2024.000,10.000,51.000,10.000
92.000,104.490,1007.241,13.680,1.223,243.764,19.963,225995.260,0.000,0.000,0.000,0.000,12.001,-0.005,2.317,0.000,0.150,0.044,15.953,0.000,29.876,2.613,112.175,0.215,0.065,16.274,3.380,29.887,0.000,0.000,0.000,0.000,0.000,0.000,0.000,29.000,2.000,2024.000,10.000,51.000,10.000
92.000,104.490,1007.241,13.680,1.223,243.764,19.963,225995.260,0.000,0.000,0.000,0.000,12.001,-0.005,2.364,0.000,0.160,0.044,15.992,0.000,29.876,2.570,120.484,0.166,0.065,16.302,2.122,29.887,0.000,0.000,0.000,0.000,0.000,0.000,0.000,29.000,2.000,2024.000,10.000,51.000,10.000
92.000,104.490,1007.241,13.680,1.223,243.764,19.963,225995.260,0.000,0.000,0.000,0.000,12.001,-0.005,2.317,0.000,0.148,0.060,15.984,0.000,29.876,2.604,128.608,0.181,0.038,16.301,2.501,29.887,0.000,0.000,0.000,0.000,0.000,0.000,0.000,29.000,2.000,2024.000,10.000,51.000,10.000
92.000,104.492,1007.239,13.660,1.223,243.768,19.963,226017.338,0.000,0.000,0.000,0.000,12.001,-0.005,2.290,0.000,0.151,0.054,15.950,0.000,29.873,2.584,139.024,0.163,0.033,16.296,2.648,29.883,0.000,0.000,0.000,0.000,0.000,0.000,0.000,29.000,2.000,2024.000,10.000,51.000,11.000
92.000,104.492,1007.239,13.660,1.223,243.768,19.963,226017.338,0.000,0.000,0.000,0.000,12.001,-0.005,2.367,0.000,0.161,0.065,15.955,0.000,29.876,2.658,148.551,0.165,0.044,16.294,3.229,29.887,0.000,0.000,0.000,0.000,0.000,0.000,0.000,29.000,2.000,2024.000,10.000,51.000,11.000
92.000,104.488,1007.240,13.660,1.223,243.759,19.962,226013.124,0.000,0.000,0.000,0.000,12.001,-0.005,2.277,0.000,0.158,0.054,16.000,0.000,29.873,2.658,160.757,0.171,0.038,16.280,4.116,29.887,0.000,0.000,0.000,0.000,0.000,0.000,0.000,29.000,2.000,2024.000,10.000,51.000,11.000
92.000,104.488,1007.240,13.660,1.223,243.759,19.962,226013.124,0.000,0.000,0.000,0.000,12.001,-0.005,2.299,0.000,0.153,0.060,16.000,0.000,29.873,2.499,171.952,0.152,0.049,16.280,2.346,29.887,0.000,0.000,0.000,0.000,0.000,0.000,0.000,29.000,2.000,2024.000,10.000,51.000,11.000
92.000,104.485,1007.239,13.660,1.223,243.752,19.962,226009.768,0.000,0.000,0.000,0.000,12.001,-0.005,2.329,0.000,0.168,0.033,15.968,0.000,29.873,2.626,-30.557,0.202,0.044,16.319,149.541,29.887,0.000,0.000,0.000,0.000,0.000,0.000,0.000,29.000,2.000,2024.000,10.000,51.000,11.000
92.000,104.485,1007.239,13.660,1.223,243.752,19.962,226009.768,0.000,0.000,0.000,0.000,12.001,-0.005,2.296,0.000,0.127,0.076,15.968,0.000,29.873,2.521,-169.926,0.185,0.038,16.319,2.679,29.887,0.000,0.000,0.000,0.000,0.000,0.000,0.000,29.000,2.000,2024.000,10.000,51.000,11.000
92.000,104.483,1007.240,13.660,1.223,243.747,19.962,226007.717,0.000,0.000,0.000,0.000,12.001,-0.005,2.378,0.000,0.130,0.049,15.973,0.000,29.876,2.580,-162.433,0.130,0.038,16.323,2.187,29.887,0.000,0.000,0.000,0.000,0.000,0.000,0.000,29.000,2.000,2024.000,10.000,51.000,11.000
92.000,104.483,1007.240,13.660,1.223,243.747,19.962,226007.717,0.000,0.000,0.000,0.000,12.001,-0.005,2.414,0.000,0.181,0.038,15.973,0.000,29.876,2.571,-155.190,0.186,0.054,16.323,1.706,29.887,0.000,0.000,0.000,0.000,0.000,0.000,0.000,29.000,2.000,2024.000,10.000,51.000,11.000
92.000,104.483,1007.240,13.660,1.223,243.747,19.962,226007.717,0.000,0.000,0.000,0.000,12.001,-0.005,2.368,0.000,0.166,0.016,15.946,0.000,29.876,2.708,-147.611,0.174,0.049,16.234,4.010,29.887,0.000,0.000,0.000,0.000,0.000,0.000,0.000,29.000,2.000,2024.000,10.000,51.000,11.000
92.000,104.489,1007.239,13.660,1.223,243.761,19.962,226014.094,0.000,0.000,0.000,0.000,12.001,-0.005,2.425,0.000,0.165,0.065,15.940,0.000,29.876,2.577,-137.522,0.152,0.022,16.212,1.520,29.887,0.000,0.000,0.000,0.000,0.000,0.000,0.000,29.000,2.000,2024.000,10.000,51.000,11.000
92.000,104.489,1007.239,13.660,1.223,243.761,19.962,226014.094,0.000,0.000,0.000,0.000,12.001,-0.005,2.389,0.000,0.133,0.033,15.969,0.000,29.876,2.533,-132.047,0.168,0.049,16.368,2.153,29.887,0.000,0.000,0.000,0.000,0.000,0.000,0.000,29.000,2.000,2024.000,10.000,51.000,12.000
92.000,104.486,1007.239,13.660,1.223,243.754,19.962,226010.849,0.000,0.000,0.000,0.000,12.001,-0.005,2.288,0.000,0.162,0.049,15.982,0.000,29.876,2.595,-123.026,0.157,0.049,16.434,3.658,29.887,0.000,0.000,0.000,0.000,0.000,0.000,0.000,29.000,2.000,2024.000,10.000,51.000,12.000
92.000,104.486,1007.239,13.660,1.223,243.754,19.962,226010.849,0.000,0.000,0.000,0.000,12.001,-0.005,2.342,0.000,0.150,0.022,15.970,0.000,29.876,2.570,-113.791,0.161,0.038,16.303,2.678,29.883,0.000,0.000,0.000,0.000,0.000,0.000,0.000,29.000,2.000,2024.000,10.000,51.000,12.000
92.000,104.480,1007.240,13.660,1.223,243.740,19.961,226004.472,0.000,0.000,0.000,0.000,12.001,-0.005,2.317,0.000,0.157,0.027,15.963,0.000,29.876,2.667,-102.726,0.197,0.033,16.215,3.596,29.887,0.000,0.000,0.000,0.000,0.000,0.000,0.000,29.000,2.000,2024.000,10.000,51.000,12.000
92.000,104.480,1007.240,13.660,1.223,243.740,19.961,226004.472,0.000,0.000,0.000,0.000,12.001,-0.005,2.308,0.000,0.176,0.049,15.966,0.000,29.876,2.588,-91.601,0.202,0.065,16.233,2.454,29.887,0.000,0.000,0.000,0.000,0.000,0.000,0.000,29.000,2.000,2024.000,10.000,51.000,12.000
92.000,104.485,1007.240,13.660,1.223,243.752,19.962,226009.880,0.000,0.000,0.000,0.000,12.001,-0.005,2.236,0.000,0.147,0.065,15.969,0.000,29.876,2.621,-80.960,0.173,0.054,16.252,3.461,29.887,0.000,0.000,0.000,0.000,0.000,0.000,0.000,29.000,2.000,2024.000,10.000,51.000,12.000
92.000,104.485,1007.240,13.660,1.223,243.752,19.962,226009.880,0.000,0.000,0.000,0.000,12.001,-0.005,2.290,0.000,0.142,0.044,15.966,0.000,29.876,2.572,-68.026,0.189,0.060,16.278,2.445,29.887,0.000,0.000,0.000,0.000,0.000,0.000,0.000,29.000,2.000,2024.000,10.000,51.000,12.000
92.000,104.487,1007.240,13.660,1.223,243.757,19.962,226012.043,0.000,0.000,0.000,0.000,12.001,-0.005,2.315,0.000,0.176,0.033,15.962,0.000,29.876,2.649,-58.566,0.181,0.060,16.318,5.111,29.887,0.000,0.000,0.000,0.000,0.000,0.000,0.000,29.000,2.000,2024.000,10.000,51.000,12.000
92.000,104.487,1007.240,13.660,1.223,243.757,19.962,226012.043,0.000,0.000,0.000,0.000,12.001,-0.005,2.280,0.000,0.138,0.065,15.970,0.000,29.876,2.621,-44.834,0.156,0.033,16.310,4.172,29.887,0.000,0.000,0.000,0.000,0.000,0.000,0.000,29.000,2.000,2024.000,10.000,51.000,12.000
92.000,104.492,1007.239,13.660,1.223,243.768,19.963,226017.338,0.000,0.000,0.000,0.000,12.001,-0.005,2.365,0.000,0.158,0.022,15.987,0.000,29.876,2.512,-35.837,0.154,0.038,16.292,2.703,29.887,0.000,0.000,0.000,0.000,0.000,0.000,0.000,29.000,2.000,2024.000,10.000,51.000,12.000
92.000,104.492,1007.239,13.660,1.223,243.768,19.963,226017.338,0.000,0.000,0.000,0.000,12.001,-0.005,2.306,0.000,0.157,0.044,15.989,0.000,29.876,2.573,-26.308,0.165,0.033,16.298,4.210,29.887,0.000,0.000,0.000,0.000,0.000,0.000,0.000,29.000,2.000,2024.000,10.000,51.000,13.000
92.000,104.492,1007.239,13.660,1.223,243.768,19.963,226017.338,0.000,0.000,0.000,0.000,12.001,-0.005,2.287,0.000,0.166,-0.005,15.995,0.000,29.876,2.566,-17.032,0.138,0.027,16.318,3.761,29.887,0.000,0.000,0.000,0.000,0.000,0.000,0.000,29.000,2.000,2024.000,10.000,51.000,13.000
92.000,104.503,1007.239,13.660,1.223,243.794,19.964,226029.234,0.000,0.000,0.000,0.000,12.001,-0.005,2.361,0.000,0.146,0.087,15.992,0.000,29.876,2.694,-4.571,0.197,0.027,16.316,3.815,29.887,0.000,0.000,0.000,0.000,0.000,0.000,0.000,29.000,2.000,2024.000,10.000,51.000,13.000
92.000,104.503,1007.239,13.660,1.223,243.794,19.964,226029.234,0.000,0.000,0.000,0.000,12.001,-0.005,2.301,0.000,0.145,0.071,15.967,0.000,29.876,2.624,5.570,0.188,0.054,16.299,3.110,29.887,0.000,0.000,0.000,0.000,0.000,0.000,0.000,29.000,2.000,2024.000,10.000,51.000,13.000
92.000,104.521,1007.239,13.660,1.223,243.836,19.965,226048.698,0.000,0.000,0.000,0.000,12.001,-0.005,2.266,0.000,0.174,0.054,15.967,0.000,29.880,2.608,16.172,0.180,0.071,16.299,3.101,29.887,0.000,0.000,0.000,0.000,0.000,0.000,0.000,29.000,2.000,2024.000,10.000,51.000,13.000
92.000,104.521,1007.239,13.660,1.223,243.836,19.965,226048.698,0.000,0.000,0.000,0.000,12.001,-0.005,2.385,0.000,0.162,0.060,15.939,0.000,29.876,2.603,25.519,0.158,0.033,16.265,1.850,29.887,0.000,0.000,0.000,0.000,0.000,0.000,0.000,29.000,2.000,2024.000,10.000,51.000,13.000
92.000,104.538,1007.240,13.660,1.223,243.876,19.967,226067.192,0.000,0.000,0.000,0.000,12.001,-0.005,2.349,0.000,0.161,0.098,15.939,0.000,29.876,2.659,34.132,0.175,0.033,16.265,3.592,29.887,0.000,0.000,0.000,0.000,0.000,0.000,0.000,29.000,2.000,2024.000,10.000,51.000,13.000
92.000,104.538,1007.240,13.660,1.223,243.876,19.967,226067.192,0.000,0.000,0.000,0.000,12.001,-0.005,2.286,0.000,0.145,0.060,15.936,0.000,29.876,2.651,47.125,0.161,0.033,16.312,3.739,29.883,0.000,0.000,0.000,0.000,0.000,0.000,0.000,29.000,2.000,2024.000,10.000,51.000,13.000
92.000,104.548,1007.242,13.660,1.223,243.899,19.968,226078.228,0.000,0.000,0.000,0.000,12.001,-0.005,2.347,0.000,0.144,0.033,15.936,0.000,29.876,2.594,57.625,0.150,0.038,16.317,2.708,29.887,0.000,0.000,0.000,0.000,0.000,0.000,0.000,29.000,2.000,2024.000,10.000,51.000,13.000
92.000,104.548,1007.242,13.660,1.223,243.899,19.968,226078.228,0.000,0.000,0.000,0.000,12.001,-0.005,2.320,0.000,0.151,0.071,15.957,0.000,29.876,2.590,67.299,0.207,0.027,16.350,2.972,29.887,0.000,0.000,0.000,0.000,0.000,0.000,0.000,29.000,2.000,2024.000,10.000,51.000,13.000
92.000,104.544,1007.244,13.660,1.223,243.889,19.967,226074.128,0.000,0.000,0.000,0.000,12.001,-0.005,2.349,0.000,0.145,0.033,15.962,0.000,29.876,2.574,75.910,0.154,0.049,16.358,2.040,29.887,0.000,0.000,0.000,0.000,0.000,0.000,0.000,29.000,2.000,2024.000,10.000,51.000,14.000
92.000,104.544,1007.244,13.660,1.223,243.889,19.967,226074.128,0.000,0.000,0.000,0.000,12.001,-0.005,2.433,0.000,0.191,0.054,15.948,0.000,29.876,2.683,83.450,0.167,0.060,16.214,2.351,29.887,0.000,0.000,0.000,0.000,0.000,0.000,0.000,29.000,2.000,2024.000,10.000,51.000,14.000
92.000,104.540,1007.242,13.660,1.223,243.880,19.967,226069.579,0.000,0.000,0.000,0.000,12.001,-0.005,2.313,0.000,0.170,0.060,15.942,0.000,29.876,2.548,91.414,0.199,0.054,16.152,2.150,29.887,0.000,0.000,0.000,0.000,0.000,0.000,0.000,29.000,2.000,2024.000,10.000,51.000,14.000
92.000,104.540,1007.242,13.660,1.223,243.880,19.967,226069.579,0.000,0.000,0.000,0.000,12.001,-0.005,2.277,0.000,0.151,0.049,15.937,0.000,29.876,2.664,101.764,0.141,0.044,16.282,4.237,29.887,0.000,0.000,0.000,0.000,0.000,0.000,0.000,29.000,2.000,2024.000,10.000,51.000,14.000
92.000,104.540,1007.242,13.660,1.223,243.880,19.967,226069.579,0.000,0.000,0.000,0.000,12.001,-0.005,2.375,0.000,0.171,0.005,15.933,0.000,29.876,2.562,112.558,0.148,0.049,16.369,2.717,29.887,0.000,0.000,0.000,0.000,0.000,0.000,0.000,29.000,2.000,2024.000,10.000,51.000,14.000
92.000,104.543,1007.242,13.660,1.223,243.887,19.967,226072.822,0.000,0.000,0.000,0.000,12.001,-0.005,2.384,0.000,0.167,0.076,15.937,0.000,29.876,2.692,122.816,0.175,0.044,16.318,4.215,29.887,0.000,0.000,0.000,0.000,0.000,0.000,0.000,29.000,2.000,2024.000,10.000,51.000,14.000
92.000,104.543,1007.242,13.660,1.223,243.887,19.967,226072.822,0.000,0.000,0.000,0.000,12.001,-0.005,2.282,0.000,0.147,0.022,15.941,0.000,29.876,2.571,133.202,0.155,0.038,16.268,3.797,29.887,0.000,0.000,0.000,0.000,0.000,0.000,0.000,29.000,2.000,2024.000,10.000,51.000,14.000
92.000,104.549,1007.242,13.660,1.223,243.901,19.968,226079.310,0.000,0.000,0.000,0.000,12.001,-0.005,2.289,0.000,0.161,0.060,15.956,0.000,29.876,2.563,143.938,0.160,0.054,16.265,3.619,29.887,0.000,0.000,0.000,0.000,0.000,0.000,0.000,29.000,2.000,2024.000,10.000,51.000,14.000
92.000,104.549,1007.242,13.660,1.223,243.901,19.968,226079.310,0.000,0.000,0.000,0.000,12.001,-0.005,2.322,0.000,0.162,0.044,15.979,0.000,29.880,2.655,154.412,0.196,0.044,16.260,3.138,29.887,0.000,0.000,0.000,0.000,0.000,0.000,0.000,29.000,2.000,2024.000,10.000,51.000,14.000
92.000,104.566,1007.242,13.660,1.223,243.941,19.970,226097.689,0.000,0.000,0.000,0.000,12.001,-0.005,2.320,0.000,0.161,0.065,15.972,0.000,29.876,2.653,165.341,0.153,0.022,16.279,3.177,29.887,0.000,0.000,0.000,0.000,0.000,0.000,0.000,29.000,2.000,2024.000,10.000,51.000,14.000
92.000,104.566,1007.242,13.660,1.223,243.941,19.970,226097.689,0.000,0.000,0.000,0.000,12.001,-0.005,2.345,0.000,0.150,0.038,15.955,0.000,29.876,2.634,159.222,0.174,0.044,16.324,72.455,29.887,0.000,0.000,0.000,0.000,0.000,0.000,0.000,29.000,2.000,2024.000,10.000,51.000,15.000
92.000,104.567,1007.241,13.660,1.223,243.943,19.970,226098.657,0.000,0.000,0.000,0.000,12.001,-0.005,2.338,0.000,0.147,0.038,15.956,0.000,29.876,2.560,-172.424,0.188,0.033,16.312,6.823,29.887,0.000,0.000,0.000,0.000,0.000,0.000,0.000,29.000,2.000,2024.000,10.000,51.000,15.000
92.000,104.567,1007.241,13.660,1.223,243.943,19.970,226098.657,0.000,0.000,0.000,0.000,12.001,-0.005,2.304,0.000,0.165,0.065,15.959,0.000,29.880,2.619,-167.468,0.159,0.038,16.263,3.487,29.887,0.000,0.000,0.000,0.000,0.000,0.000,0.000,29.000,2.000,2024.000,10.000,51.000,15.000
92.000,104.556,1007.240,13.640,1.224,243.917,19.968,226106.802,0.000,0.000,0.000,0.000,12.001,-0.005,2.307,0.000,0.128,0.033,15.959,0.000,29.876,2.543,-155.840,0.158,0.027,16.267,2.535,29.887,0.000,0.000,0.000,0.000,0.000,0.000,0.000,29.000,2.000,2024.000,10.000,51.000,15.000
92.000,104.556,1007.240,13.640,1.224,243.917,19.968,226106.802,0.000,0.000,0.000,0.000,12.001,-0.005,2.357,0.000,0.174,0.022,15.958,0.000,29.880,2.503,-149.917,0.179,0.044,16.301,2.361,29.887,0.000,0.000,0.000,0.000,0.000,0.000,0.000,29.000,2.000,2024.000,10.000,51.000,15.000
92.000,104.547,1007.241,13.660,1.223,243.896,19.968,226077.035,0.000,0.000,0.000,0.000,12.001,-0.005,2.285,0.000,0.171,0.071,15.958,0.000,29.876,2.568,-140.565,0.176,0.049,16.301,3.547,29.887,0.000,0.000,0.000,0.000,0.000,0.000,0.000,29.000,2.000,2024.000,10.000,51.000,15.000
92.000,104.547,1007.241,13.660,1.223,243.896,19.968,226077.035,0.000,0.000,0.000,0.000,12.001,-0.005,2.391,0.000,0.129,0.044,15.981,0.000,29.876,2.587,-131.742,0.157,0.049,16.297,2.397,29.887,0.000,0.000,0.000,0.000,0.000,0.000,0.000,29.000,2.000,2024.000,10.000,51.000,15.000
92.000,104.541,1007.239,13.640,1.224,243.883,19.967,226090.471,0.000,0.000,0.000,0.000,12.001,-0.005,2.306,0.000,0.154,0.044,15.981,0.000,29.880,2.646,-121.600,0.201,0.060,16.297,3.389,29.883,0.000,0.000,0.000,0.000,0.000,0.000,0.000,29.000,2.000,2024.000,10.000,51.000,15.000
92.000,104.541,1007.239,13.640,1.224,243.883,19.967,226090.471,0.000,0.000,0.000,0.000,12.001,-0.005,2.296,0.000,0.153,0.076,15.948,0.000,29.880,2.618,-110.409,0.180,0.033,16.280,3.373,29.887,0.000,0.000,0.000,0.000,0.000,0.000,0.000,29.000,2.000,2024.000,10.000,51.000,15.000
92.000,104.541,1007.239,13.640,1.224,243.883,19.967,226090.471,0.000,0.000,0.000,0.000,12.001,-0.005,2.382,0.000,0.167,0.054,15.945,0.000,29.876,2.630,-101.305,0.172,0.049,16.278,2.720,29.887,0.000,0.000,0.000,0.000,0.000,0.000,0.000,29.000,2.000,2024.000,10.000,51.000,15.000
92.000,104.550,1007.241,13.640,1.224,243.903,19.967,226100.427,0.000,0.000,0.000,0.000,12.001,-0.005,2.367,0.000,0.142,0.060,15.922,0.000,29.876,2.592,-92.277,0.165,0.049,16.287,2.395,29.887,0.000,0.000,0.000,0.000,0.000,0.000,0.000,29.000,2.000,2024.000,10.000,51.000,16.000
92.000,104.550,1007.241,13.640,1.224,243.903,19.967,226100.427,0.000,0.000,0.000,0.000,12.001,-0.005,2.265,0.000,0.153,0.044,15.916,0.000,29.876,2.640,-81.517,0.166,0.044,16.289,4.738,29.887,0.000,0.000,0.000,0.000,0.000,0.000,0.000,29.000,2.000,2024.000,10.000,51.000,16.000
92.000,104.551,1007.239,13.640,1.224,243.906,19.967,226101.284,0.000,0.000,0.000,0.000,12.001,-0.005,2.416,0.000,0.162,0.054,15.925,0.000,29.876,2.629,-69.936,0.195,0.054,16.337,2.455,29.887,0.000,0.000,0.000,0.000,0.000,0.000,0.000,29.000,2.000,2024.000,10.000,51.000,16.000
92.000,104.551,1007.239,13.640,1.224,243.906,19.967,226101.284,0.000,0.000,0.000,0.000,12.001,-0.005,2.410,0.000,0.162,0.027,15.929,0.000,29.876,2.500,-65.331,0.159,0.082,16.358,1.107,29.887,0.000,0.000,0.000,0.000,0.000,0.000,0.000,29.000,2.000,2024.000,10.000,51.000,16.000
92.000,104.559,1007.239,13.640,1.224,243.924,19.968,226109.934,0.000,0.000,0.000,0.000,12.001,-0.005,2.305,0.000,0.148,0.044,15.942,0.000,29.876,2.598,-57.094,0.197,0.044,16.229,3.241,29.883,0.000,0.000,0.000,0.000,0.000,0.000,0.000,29.000,2.000,2024.000,10.000,51.000,16.000
92.000,104.559,1007.239,13.640,1.224,243.924,19.968,226109.934,0.000,0.000,0.000,0.000,12.001,-0.005,2.277,0.000,0.137,0.060,15.951,0.000,29.876,2.580,-46.827,0.158,0.071,16.142,2.919,29.887,0.000,0.000,0.000,0.000,0.000,0.000,0.000,29.000,2.000,2024.000,10.000,51.000,16.000
92.000,104.553,1007.240,13.640,1.224,243.910,19.968,226103.559,0.000,0.000,0.000,0.000,12.001,-0.005,2.315,0.000,0.161,0.033,15.948,0.000,29.876,2.657,-34.979,0.167,0.038,16.238,3.225,29.887,0.000,0.000,0.000,0.000,0.000,0.000,0.000,29.000,2.000,2024.000,10.000,51.000,16.000
92.000,104.553,1007.240,13.640,1.224,243.910,19.968,226103.559,0.000,0.000,0.000,0.000,12.001,-0.005,2.301,0.000,0.177,0.038,15.944,0.000,29.876,2.587,-25.369,0.192,0.038,16.334,2.213,29.887,0.000,0.000,0.000,0.000,0.000,0.000,0.000,29.000,2.000,2024.000,10.000,51.000,16.000
92.000,104.559,1007.238,13.640,1.224,243.924,19.968,226109.821,0.000,0.000,0.000,0.000,12.001,-0.005,2.270,0.000,0.161,0.011,15.935,0.000,29.876,2.625,-15.952,0.165,0.071,16.307,3.973,29.887,0.000,0.000,0.000,0.000,0.000,0.000,0.000,29.000,2.000,2024.000,10.000,51.000,16.000
92.000,104.559,1007.238,13.640,1.224,243.924,19.968,226109.821,0.000,0.000,0.000,0.000,12.001,-0.005,2.351,0.000,0.135,0.022,15.922,0.000,29.876,2.571,-4.370,0.158,0.049,16.266,3.009,29.887,0.000,0.000,0.000,0.000,0.000,0.000,0.000,29.000,2.000,2024.000,10.000,51.000,16.000
92.000,104.559,1007.238,13.640,1.224,243.924,19.968,226109.821,0.000,0.000,0.000,0.000,12.001,-0.005,2.307,0.000,0.163,0.044,15.940,0.000,29.876,2.558,3.121,0.162,0.033,16.258,3.366,29.887,0.000,0.000,0.000,0.000,0.000,0.000,0.000,29.000,2.000,2024.000,10.000,51.000,17.000
92.000,104.563,1007.239,13.640,1.224,243.934,19.969,226114.259,0.000,0.000,0.000,0.000,12.001,-0.005,2.327,0.000,0.161,0.044,15.983,0.000,29.876,2.576,12.840,0.156,0.027,16.240,3.814,29.887,0.000,0.000,0.000,0.000,0.000,0.000,0.000,29.000,2.000,2024.000,10.000,51.000,17.000
92.000,104.563,1007.239,13.640,1.224,243.934,19.969,226114.259,0.000,0.000,0.000,0.000,12.001,-0.005,2.357,0.000,0.163,0.022,15.974,0.000,29.876,2.593,21.617,0.154,0.044,16.254,3.432,29.887,0.000,0.000,0.000,0.000,0.000,0.000,0.000,29.000,2.000,2024.000,10.000,51.000,17.000
92.000,104.565,1007.239,13.640,1.224,243.938,19.969,226116.421,0.000,0.000,0.000,0.000,12.001,-0.005,2.289,0.000,0.148,0.044,15.938,0.000,29.876,2.655,34.238,0.172,0.038,16.310,4.357,29.887,0.000,0.000,0.000,0.000,0.000,0.000,0.000,29.000,2.000,2024.000,10.000,51.000,17.000
