  Run_nr	   Alpha	    Beta	      CL	      CD	    Cyaw	 Cm_p_qc	      Ct	      Cn	   Cside	 Cm_roll	Cm_pitch	  Cm_yaw	       V	      Re	       M
       /	 degrees	 degrees	       /	       /	       /	       /	       /	       /	       /	       /	       /	       /	     m/s	       /	       /
      33	  -4.995	   0.000	 -0.1910	-0.036456	 0.00044	-0.37851	-0.052947	 -0.1871	0.000436	-0.00216	-0.32779	 0.00093	   40.21	3.547E+5	   0.119	        	        	        	        	        	        	        	        	        	        	        	        	        	        	        	        	        
      34	   7.001	   0.000	  1.0540	0.006638	 0.00030	-0.49297	-0.121870	  1.0469	0.000303	-0.00221	-0.74956	 0.00025	   40.24	3.545E+5	   0.119	        	        	        	        	        	        	        	        	        	        	        	        	        	        	        	        	        
      35	  12.001	   0.000	  1.3644	0.089191	-0.00126	-0.74377	-0.196453	  1.3531	-0.001257	-0.00172	-1.07431	-0.00050	   40.19	3.541E+5	   0.118	        	        	        	        	        	        	        	        	        	        	        	        	        	        	        	        	        
      36	  14.001	   0.000	  1.4870	0.134199	 0.00183	-0.79324	-0.229534	  1.4753	0.001833	-0.00069	-1.15379	-0.00095	   40.20	3.541E+5	   0.118	        	        	        	        	        	        	        	        	        	        	        	        	        	        	        	        	        
      37	  14.001	   0.000	  1.4575	0.160116	 0.00205	-0.72703	-0.197252	  1.4529	0.002049	-0.00054	-1.08269	-0.00091	   40.20	3.539E+5	   0.118	        	        	        	        	        	        	        	        	        	        	        	        	        	        	        	        	        
      38	  12.005	   0.000	  1.3439	0.116934	-0.00229	-0.67331	-0.165153	  1.3388	-0.002290	-0.00151	-1.00100	-0.00022	   40.23	3.541E+5	   0.118	        	        	        	        	        	        	        	        	        	        	        	        	        	        	        	        	        
      39	  -4.995	   0.000	 -0.2017	-0.002660	 0.00035	-0.33019	-0.020213	 -0.2007	0.000351	-0.00225	-0.27657	 0.00095	   40.19	3.535E+5	   0.118	        	        	        	        	        	        	        	        	        	        	        	        	        	        	        	        	        
      40	   7.001	   0.000	  1.0351	0.038926	 0.00033	-0.43367	-0.087528	  1.0322	0.000332	-0.00234	-0.68719	 0.00018	   40.20	3.534E+5	   0.118	        	        	        	        	        	        	        	        	        	        	        	        	        	        	        	        	        
      41	  14.001	   0.000	  1.3653	0.224298	-0.00193	-0.53353	-0.112678	  1.3790	-0.001929	-0.00167	-0.87272	-0.00003	   40.18	3.533E+5	   0.118	        	        	        	        	        	        	        	        	        	        	        	        	        	        	        	        	        
      42	  12.005	   0.000	  1.2641	0.186936	-0.00638	-0.48182	-0.080088	  1.2754	-0.006383	-0.00232	-0.79564	 0.00038	   40.19	3.535E+5	   0.118	        	        	        	        	        	        	        	        	        	        	        	        	        	        	        	        	        
      43	  -4.995	   0.000	 -0.2264	0.070682	 0.00021	-0.20206	0.050701	 -0.2317	0.000211	-0.00243	-0.14203	 0.00097	   40.18	3.532E+5	   0.118	        	        	        	        	        	        	        	        	        	        	        	        	        	        	        	        	        
      44	   7.001	   0.000	  0.9824	0.111940	 0.00056	-0.29162	-0.008630	  0.9887	0.000564	-0.00259	-0.53576	 0.00014	   40.22	3.534E+5	   0.118	        	        	        	        	        	        	        	        	        	        	        	        	        	        	        	        	        
      45	  14.001	   0.000	  1.4582	0.157917	 0.00210	-0.77529	-0.199555	  1.4530	0.002097	-0.00178	-1.13060	-0.00053	   20.14	1.773E+5	   0.059	        	        	        	        	        	        	        	        	        	        	        	        	        	        	        	        	        
      46	   7.005	   0.000	  1.0508	0.027046	 0.00175	-0.46633	-0.101311	  1.0462	0.001751	-0.00352	-0.72310	 0.00035	   20.12	1.773E+5	   0.059	        	        	        	        	        	        	        	        	        	        	        	        	        	        	        	        	        
      47	  -4.995	   0.000	 -0.1693	-0.016853	 0.00696	-0.40644	-0.031530	 -0.1672	0.006960	-0.00237	-0.36047	 0.00113	   20.08	1.770E+5	   0.059	        	        	        	        	        	        	        	        	        	        	        	        	        	        	        	        	        
      48	  12.001	   0.000	  1.3560	0.104584	 0.00187	-0.70818	-0.179659	  1.3482	0.001874	-0.00422	-1.03795	-0.00122	   20.11	1.773E+5	   0.059	        	        	        	        	        	        	        	        	        	        	        	        	        	        	        	        	        
      49	  -4.994	   0.000	 -0.3103	0.011258	-0.00093	-0.32150	-0.015799	 -0.3101	-0.000926	-0.00084	-0.24069	 0.00007	   10.02	8.842E+4	   0.030	        	        	        	        	        	        	        	        	        	        	        	        	        	        	        	        	        
      50	  14.001	   0.000	  1.4775	0.184009	-0.00724	-0.73616	-0.178916	  1.4781	-0.007244	-0.00516	-1.09817	-0.00026	   10.06	8.875E+4	   0.030	        	        	        	        	        	        	        	        	        	        	        	        	        	        	        	        	        
      51	  12.005	   0.000	  1.3216	0.141252	-0.00432	-0.70656	-0.136734	  1.3221	-0.004320	-0.00640	-1.02986	-0.00082	   10.06	8.877E+4	   0.030	        	        	        	        	        	        	        	        	        	        	        	        	        	        	        	        	        
      52	   7.006	   0.000	  1.0373	0.049446	 0.00659	-0.46920	-0.077431	  1.0355	0.006586	-0.00605	-0.72330	-0.00156	   10.08	8.894E+4	   0.030	        	        	        	        	        	        	        	        	        	        	        	        	        	        	        	        	        
      53	   7.006	   0.000	  0.9827	0.120014	 0.00013	-0.29357	-0.000736	  0.9900	0.000130	-0.00278	-0.53801	 0.00019	   40.23	3.544E+5	   0.119	        	        	        	        	        	        	        	        	        	        	        	        	        	        	        	        	        
      54	  -4.995	   0.000	 -0.2245	0.078116	 0.00036	-0.20292	0.058272	 -0.2305	0.000361	-0.00244	-0.14319	 0.00092	   40.22	3.539E+5	   0.118	        	        	        	        	        	        	        	        	        	        	        	        	        	        	        	        	        
      55	  12.001	   0.000	  1.2496	0.192315	-0.00355	-0.45496	-0.071719	  1.2623	-0.003553	-0.00204	-0.76580	 0.00019	   40.18	3.534E+5	   0.118	        	        	        	        	        	        	        	        	        	        	        	        	        	        	        	        	        
      56	  14.001	   0.000	  1.3448	0.232457	-0.00509	-0.49827	-0.099809	  1.3611	-0.005095	-0.00224	-0.83336	 0.00021	   40.21	3.537E+5	   0.118	        	        	        	        	        	        	        	        	        	        	        	        	        	        	        	        	        
      57	  -4.994	   0.000	 -0.2128	0.087489	 0.00605	-0.20629	0.068635	 -0.2196	0.006052	-0.00207	-0.14928	 0.00124	   20.11	1.772E+5	   0.059	        	        	        	        	        	        	        	        	        	        	        	        	        	        	        	        	        
      58	  14.001	   0.000	  1.3339	0.245771	 0.00166	-0.50253	-0.084253	  1.3537	0.001659	-0.00228	-0.83581	-0.00051	   20.10	1.772E+5	   0.059	        	        	        	        	        	        	        	        	        	        	        	        	        	        	        	        	        
      59	  12.005	   0.000	  1.2436	0.202130	-0.00187	-0.45383	-0.060957	  1.2584	-0.001866	-0.00567	-0.76378	-0.00052	   20.08	1.770E+5	   0.059	        	        	        	        	        	        	        	        	        	        	        	        	        	        	        	        	        
      60	   7.005	   0.000	  0.9853	0.128978	 0.00295	-0.28701	0.007844	  0.9937	0.002949	-0.00365	-0.53249	-0.00037	   20.10	1.772E+5	   0.059	        	        	        	        	        	        	        	        	        	        	        	        	        	        	        	        	        
      61	  -4.994	   0.000	 -0.3569	0.105207	 0.00173	-0.15218	0.073738	 -0.3647	0.001729	-0.00176	-0.05946	-0.00051	   10.05	8.864E+4	   0.030	        	        	        	        	        	        	        	        	        	        	        	        	        	        	        	        	        
      62	  12.001	   0.000	  1.2006	0.224780	-0.00687	-0.47206	-0.029769	  1.2211	-0.006874	-0.00483	-0.77251	 0.00017	   10.04	8.861E+4	   0.030	        	        	        	        	        	        	        	        	        	        	        	        	        	        	        	        	        
      63	   7.006	   0.000	  0.9790	0.141549	 0.00741	-0.30106	0.021090	  0.9890	0.007413	-0.00524	-0.54522	-0.00173	   10.07	8.886E+4	   0.030	        	        	        	        	        	        	        	        	        	        	        	        	        	        	        	        	        
      64	  14.001	   0.000	  1.3611	0.264327	-0.00999	-0.47756	-0.072834	  1.3846	-0.009989	-0.00569	-0.81885	 0.00034	   10.06	8.881E+4	   0.030	        	        	        	        	        	        	        	        	        	        	        	        	        	        	        	        	        
