  Run_nr	   Alpha	    Beta	      CL	      CD	    Cyaw	 Cm_p_qc	      Ct	      Cn	   Cside	 Cm_roll	Cm_pitch	  Cm_yaw	      Cx	      Cy	      Cz	    Cm_x	    Cm_y	    Cm_z	      Fx	      Fy	      Fz	      Mx	      My	      Mz	     DPb	    Pbar	       T	     Rho	       Q	       V	      Re	       M
       /	 degrees	 degrees	       /	       /	       /	       /	       /	       /	       /	       /	       /	       /	       /	       /	       /	       /	       /	       /	       N	       N	       N	      Nm	      Nm	      Nm	      Pa	      Pa	 degr. C	  kg/m^3	      Pa	     m/s	       /	       /
      65	  -4.994	  -0.005	 -0.3301	-0.033382	 0.00065	 0.01354	-0.061993	 -0.3259	0.000651	-0.00252	 0.09503	 0.00101	-0.033382	-0.000651	-0.330094	-0.00270	 0.10046	 0.00079	   -5.24	   -0.15	  -73.21	   -0.86	    4.53	    0.25	  417.93	 1007.36	   13.39	   1.225	   979.5	   39.99	3.525E+5	   0.118
      66	   7.001	  -0.005	  0.9400	-0.011226	 0.00020	-0.11925	-0.125711	  0.9316	0.000205	-0.00289	-0.35215	 0.00043	-0.011226	-0.000205	0.940000	-0.00285	-0.35033	 0.00078	   -0.92	   -0.05	  215.67	   -0.90	  -12.76	    0.25	  418.23	 1007.37	   13.60	   1.224	   980.2	   40.02	3.523E+5	   0.118
      67	  12.001	  -0.005	  1.2586	0.059347	-0.00195	-0.32503	-0.203649	  1.2435	-0.001954	-0.00167	-0.63589	 0.00009	0.059347	0.001954	1.258622	-0.00129	-0.64555	 0.00045	   14.77	    0.44	  286.58	   -0.41	  -23.71	    0.14	  417.88	 1007.35	   13.60	   1.224	   979.4	   40.01	3.521E+5	   0.118
      68	  14.001	  -0.005	  1.3711	0.102105	 0.00157	-0.40267	-0.232656	  1.3551	0.001564	-0.00137	-0.74145	-0.00082	0.102105	-0.001564	1.371138	-0.00180	-0.75806	-0.00050	   24.55	   -0.35	  311.49	   -0.57	  -27.76	   -0.16	  417.60	 1007.37	   13.66	   1.224	   978.7	   40.00	3.519E+5	   0.118
      69	   7.005	  -0.005	  0.9303	0.022799	-0.00002	-0.08655	-0.090834	  0.9261	-0.000018	-0.00307	-0.31808	 0.00043	0.022799	0.000018	0.930303	-0.00299	-0.32179	 0.00081	    6.78	    0.00	  213.14	   -0.95	  -11.67	    0.26	  417.58	 1007.34	   13.72	   1.223	   978.7	   40.00	3.518E+5	   0.118
      70	  14.001	  -0.005	  1.3483	0.129087	 0.00183	-0.35125	-0.200950	  1.3395	0.001818	-0.00128	-0.68612	-0.00079	0.129087	-0.001818	1.348298	-0.00174	-0.70712	-0.00050	   30.64	   -0.41	  306.21	   -0.55	  -25.85	   -0.16	  417.44	 1007.37	   13.74	   1.223	   978.3	   39.99	3.517E+5	   0.118
      71	  -4.994	  -0.005	 -0.3325	0.000248	 0.00071	 0.03562	-0.028697	 -0.3312	0.000711	-0.00260	 0.11843	 0.00099	0.000248	-0.000711	-0.332464	-0.00280	 0.11839	 0.00077	    2.36	   -0.16	  -73.61	   -0.88	    5.19	    0.24	  417.19	 1007.32	   13.86	   1.223	   977.8	   39.99	3.514E+5	   0.118
      72	  12.001	  -0.005	  1.2370	0.088819	-0.00216	-0.27696	-0.170325	  1.2284	-0.002164	-0.00160	-0.58407	 0.00010	0.088819	0.002164	1.236999	-0.00119	-0.59852	 0.00044	   21.40	    0.49	  281.19	   -0.37	  -21.91	    0.14	  417.15	 1007.32	   13.93	   1.222	   977.7	   40.00	3.513E+5	   0.118
      73	   7.005	  -0.005	  0.8908	0.097113	 0.00011	 0.02151	-0.012255	  0.8960	0.000101	-0.00316	-0.20248	 0.00042	0.097113	-0.000101	0.890782	-0.00310	-0.21828	 0.00081	   23.60	   -0.02	  204.35	   -0.98	   -7.82	    0.26	  417.88	 1007.35	   13.88	   1.223	   979.4	   40.03	3.517E+5	   0.118
      74	  12.001	  -0.005	  1.1705	0.163293	-0.00297	-0.13350	-0.083649	  1.1789	-0.002984	-0.00176	-0.42821	 0.00021	0.163293	0.002984	1.170480	-0.00119	-0.45478	 0.00059	   38.20	    0.67	  266.05	   -0.38	  -16.55	    0.19	  416.97	 1007.33	   13.90	   1.223	   977.2	   39.98	3.512E+5	   0.118
      75	  -4.994	  -0.005	 -0.3379	0.072626	 0.00025	 0.10595	0.042930	 -0.3430	0.000248	-0.00293	 0.19169	 0.00105	0.072626	-0.000248	-0.337938	-0.00305	 0.17988	 0.00080	   18.71	   -0.06	  -74.84	   -0.96	    7.48	    0.25	  417.16	 1007.34	   14.02	   1.222	   977.7	   40.00	3.511E+5	   0.118
      76	   0.001	  -0.005	  0.2019	0.066727	 0.00163	 0.07418	0.066724	  0.2019	0.001629	-0.00249	 0.02371	 0.00051	0.066727	-0.001629	0.201879	-0.00276	 0.01286	 0.00051	   17.08	   -0.37	   47.62	   -0.87	    1.07	    0.16	  417.45	 1007.30	   14.12	   1.222	   978.4	   40.02	3.511E+5	   0.118
      77	  14.001	  -0.005	  1.2657	0.199560	-0.00311	-0.19931	-0.112585	  1.2764	-0.003131	-0.00223	-0.51840	-0.00004	0.199560	0.003131	1.265688	-0.00166	-0.55087	 0.00051	   46.48	    0.71	  287.02	   -0.53	  -19.99	    0.16	  416.68	 1007.33	   14.08	   1.222	   976.6	   39.98	3.508E+5	   0.118
      78	  12.005	  -0.005	  1.2387	0.078854	 0.00179	-0.31210	-0.180528	  1.2280	0.001783	-0.00531	-0.61911	-0.00119	0.078854	-0.001783	1.238729	-0.00574	-0.63194	-0.00009	    4.81	   -0.10	   70.71	   -0.46	   -5.82	   -0.01	  105.23	 1007.31	   13.76	   1.223	   245.5	   20.04	1.762E+5	   0.059
      79	  -4.994	  -0.005	 -0.3182	-0.013594	 0.00687	 0.01394	-0.041244	 -0.3158	0.006872	-0.00273	 0.09289	 0.00111	-0.013593	-0.006872	-0.318202	-0.00394	 0.09511	 0.00088	   -0.19	   -0.39	  -17.65	   -0.31	    1.08	    0.07	  105.07	 1007.32	   13.61	   1.224	   245.1	   20.01	1.761E+5	   0.059
      80	  14.001	  -0.005	  1.3458	0.123729	 0.00259	-0.39164	-0.205554	  1.3358	0.002578	-0.00215	-0.72559	-0.00066	0.123729	-0.002578	1.345830	-0.00268	-0.74572	-0.00014	    7.34	   -0.15	   76.23	   -0.21	   -6.81	   -0.01	  104.59	 1007.27	   13.58	   1.224	   244.0	   19.97	1.758E+5	   0.059
      81	   7.006	  -0.005	  0.9368	0.009622	 0.00339	-0.09135	-0.104712	  0.9310	0.003387	-0.00390	-0.32411	-0.00001	0.009623	-0.003387	0.936848	-0.00443	-0.32567	 0.00047	    0.95	   -0.19	   53.85	   -0.35	   -2.96	    0.04	  105.26	 1007.26	   13.50	   1.224	   245.6	   20.03	1.764E+5	   0.059
      82	  12.001	  -0.005	  1.2028	0.111855	 0.00052	-0.32453	-0.140690	  1.1998	0.000513	-0.00481	-0.62448	-0.00191	0.111855	-0.000513	1.202826	-0.00520	-0.64268	-0.00093	    1.67	   -0.01	   17.13	   -0.10	   -1.48	   -0.02	   26.13	 1007.26	   13.36	   1.225	    61.2	   10.00	8.815E+4	   0.029
      83	   7.006	  -0.005	  0.9149	0.029422	 0.01395	-0.07629	-0.082378	  0.9116	0.013947	-0.00640	-0.30420	-0.00384	0.029423	-0.013947	0.914864	-0.00910	-0.30899	-0.00308	    0.52	   -0.20	   13.06	   -0.18	   -0.70	   -0.06	   26.01	 1007.27	   13.32	   1.225	    61.0	    9.98	8.796E+4	   0.029
      84	  -4.994	  -0.005	 -0.4346	0.011862	 0.00007	 0.01150	-0.026018	 -0.4340	0.000071	-0.00203	 0.11999	 0.00019	0.011862	-0.000071	-0.434589	-0.00205	 0.11806	 0.00001	    0.31	   -0.00	   -6.07	   -0.04	    0.32	    0.00	   26.19	 1007.27	   13.30	   1.225	    61.4	   10.01	8.827E+4	   0.030
      85	  14.001	  -0.005	  1.3612	0.149607	-0.00388	-0.35804	-0.184153	  1.3569	-0.003895	-0.00566	-0.69726	-0.00105	0.149606	0.003895	1.361153	-0.00512	-0.72160	 0.00033	    2.20	    0.05	   19.27	   -0.10	   -1.64	    0.01	   26.01	 1007.20	   13.26	   1.225	    61.0	    9.98	8.798E+4	   0.029
      86	  12.005	  -0.005	  1.1594	0.170280	-0.00306	-0.10908	-0.074604	  1.1695	-0.003072	-0.00192	-0.40145	 0.00011	0.170280	0.003072	1.159403	-0.00135	-0.42915	 0.00052	   39.83	    0.69	  263.90	   -0.43	  -15.62	    0.16	  417.53	 1007.26	   13.58	   1.224	   978.5	   39.99	3.520E+5	   0.118
      87	  14.001	  -0.005	  1.2495	0.208397	-0.00563	-0.16905	-0.100091	  1.2628	-0.005650	-0.00254	-0.48475	 0.00024	0.208397	0.005650	1.249484	-0.00148	-0.51865	 0.00087	   48.59	    1.28	  284.04	   -0.47	  -18.83	    0.28	  417.67	 1007.26	   13.70	   1.223	   978.9	   40.01	3.518E+5	   0.118
      88	   7.005	  -0.005	  0.8843	0.104370	-0.00034	 0.03010	-0.004261	  0.8904	-0.000347	-0.00324	-0.19251	 0.00046	0.104370	0.000347	0.884299	-0.00311	-0.20949	 0.00087	   25.25	    0.08	  202.98	   -0.98	   -7.49	    0.27	  418.08	 1007.24	   13.74	   1.223	   979.9	   40.03	3.520E+5	   0.118
      89	  -4.994	  -0.005	 -0.3378	0.080186	 0.00041	 0.10947	0.050469	 -0.3435	0.000407	-0.00290	 0.19536	 0.00101	0.080186	-0.000407	-0.337842	-0.00305	 0.18231	 0.00076	   20.45	   -0.09	  -74.94	   -0.96	    7.58	    0.24	  417.80	 1007.26	   13.87	   1.223	   979.2	   40.02	3.516E+5	   0.118
      90	  12.001	  -0.005	  1.1434	0.180581	-0.00229	-0.11662	-0.061116	  1.1560	-0.002302	-0.00584	-0.40562	-0.00036	0.180580	0.002302	1.143434	-0.00541	-0.43500	 0.00087	   10.51	    0.13	   64.87	   -0.43	   -3.95	    0.07	  104.54	 1007.24	   13.68	   1.223	   243.9	   19.97	1.756E+5	   0.059
      91	  14.001	  -0.005	  1.2407	0.222065	 0.00156	-0.17937	-0.084704	  1.2576	0.001540	-0.00291	-0.49376	-0.00043	0.222065	-0.001540	1.240698	-0.00318	-0.52989	 0.00028	   12.92	   -0.09	   70.51	   -0.25	   -4.81	    0.02	  104.90	 1007.23	   13.54	   1.224	   244.7	   20.00	1.760E+5	   0.059
      92	  -4.994	  -0.005	 -0.3228	0.088982	 0.01011	 0.10458	0.060545	 -0.3293	0.010099	-0.00271	 0.18690	 0.00107	0.088983	-0.010099	-0.322769	-0.00444	 0.17242	 0.00083	    5.62	   -0.57	  -17.92	   -0.35	    1.81	    0.07	  105.16	 1007.24	   13.40	   1.225	   245.3	   20.02	1.764E+5	   0.059
      93	   7.001	  -0.005	  0.8852	0.112590	 0.00384	 0.04231	0.003865	  0.8923	0.003834	-0.00333	-0.18076	-0.00042	0.112590	-0.003834	0.885164	-0.00398	-0.19908	-0.00002	    6.76	   -0.22	   50.68	   -0.31	   -1.77	   -0.00	  104.76	 1007.24	   13.38	   1.225	   244.4	   19.98	1.761E+5	   0.059
      94	   7.001	  -0.005	  0.8640	0.123732	 0.01194	 0.04319	0.017501	  0.8727	0.011927	-0.00392	-0.17497	-0.00337	0.123733	-0.011927	0.864025	-0.00624	-0.19511	-0.00291	    1.86	   -0.17	   12.43	   -0.12	   -0.44	   -0.06	   26.18	 1007.24	   13.28	   1.225	    61.4	   10.01	8.827E+4	   0.030
      95	  14.001	  -0.005	  1.2656	0.240021	-0.00909	-0.16416	-0.073315	  1.2861	-0.009110	-0.00542	-0.48569	 0.00006	0.240020	0.009110	1.265632	-0.00375	-0.52474	 0.00142	    3.50	    0.13	   18.06	   -0.07	   -1.20	    0.03	   26.22	 1007.19	   13.22	   1.225	    61.5	   10.02	8.835E+4	   0.030
      96	  -4.995	  -0.005	 -0.4402	0.105684	 0.00089	 0.10317	0.066958	 -0.4477	0.000885	-0.00325	 0.21511	-0.00003	0.105684	-0.000885	-0.440217	-0.00337	 0.19791	-0.00032	    1.64	   -0.01	   -6.15	   -0.07	    0.51	   -0.01	   26.18	 1007.20	   13.18	   1.225	    61.4	   10.01	8.830E+4	   0.030
      97	  12.001	  -0.005	  1.1124	0.205142	-0.00272	-0.13785	-0.030643	  1.1308	-0.002735	-0.00561	-0.42055	-0.00064	0.205142	0.002735	1.112423	-0.00517	-0.45392	 0.00054	    2.97	    0.04	   15.78	   -0.10	   -1.03	    0.01	   26.01	 1007.21	   13.14	   1.226	    61.0	    9.97	8.802E+4	   0.029
      98	  -2.994	  -0.005	 -0.1005	-0.040005	 0.00064	-0.02283	-0.045199	 -0.0983	0.000648	-0.00257	 0.00173	 0.00087	-0.040005	-0.000648	-0.100485	-0.00271	 0.00824	 0.00074	   -6.84	   -0.15	  -21.35	   -0.86	    1.01	    0.23	  417.63	 1007.19	   13.65	   1.223	   978.8	   40.00	3.519E+5	   0.118
      99	   2.001	  -0.005	  0.4488	-0.037820	 0.00241	-0.06884	-0.053465	  0.4472	0.002408	-0.00229	-0.18063	 0.00021	-0.037820	-0.002408	0.448772	-0.00267	-0.17448	 0.00029	   -6.70	   -0.54	  103.52	   -0.85	   -5.99	    0.09	  416.98	 1007.17	   13.81	   1.223	   977.3	   39.98	3.514E+5	   0.118
     100	   4.001	  -0.005	  0.6541	-0.030335	 0.00040	-0.08060	-0.075898	  0.6504	0.000404	-0.00268	-0.24320	 0.00065	-0.030335	-0.000404	0.654116	-0.00269	-0.23827	 0.00084	   -5.14	   -0.09	  150.61	   -0.85	   -8.43	    0.26	  417.24	 1007.17	   13.81	   1.223	   977.9	   39.99	3.515E+5	   0.118
     101	   5.001	  -0.005	  0.7551	-0.025312	-0.00018	-0.08930	-0.091035	  0.7500	-0.000180	-0.00278	-0.27681	 0.00073	-0.025312	0.000180	0.755086	-0.00268	-0.27269	 0.00098	   -4.03	    0.04	  173.43	   -0.85	   -9.76	    0.31	  417.44	 1007.17	   13.80	   1.223	   978.3	   40.00	3.516E+5	   0.118
     102	  10.001	  -0.005	  1.1258	0.026562	-0.00034	-0.26152	-0.169342	  1.1133	-0.000342	-0.00241	-0.53983	 0.00016	0.026562	0.000342	1.125760	-0.00229	-0.54416	 0.00059	    7.48	    0.08	  256.00	   -0.72	  -19.90	    0.19	  417.19	 1007.17	   13.80	   1.223	   977.8	   39.99	3.515E+5	   0.118
     103	   0.006	  -0.005	  0.2353	-0.041344	 0.00283	-0.05375	-0.041366	  0.2353	0.002834	-0.00219	-0.11258	 0.00028	-0.041343	-0.002834	0.235336	-0.00266	-0.10586	 0.00028	   -7.35	   -0.64	   55.17	   -0.84	   -3.36	    0.09	  417.40	 1007.18	   13.87	   1.222	   978.2	   40.01	3.515E+5	   0.118
     104	  -1.994	  -0.005	  0.0137	-0.041486	 0.00070	-0.03631	-0.040985	  0.0151	0.000707	-0.00252	-0.04009	 0.00076	-0.041486	-0.000707	0.013672	-0.00266	-0.03334	 0.00067	   -7.25	   -0.16	    4.32	   -0.84	   -0.58	    0.21	  417.25	 1007.17	   13.96	   1.222	   977.9	   40.01	3.512E+5	   0.118
     105	  11.001	  -0.005	  1.1893	0.041753	-0.00084	-0.30258	-0.185952	  1.1754	-0.000842	-0.00183	-0.59642	 0.00011	0.041753	0.000842	1.189282	-0.00164	-0.60322	 0.00047	   10.84	    0.19	  270.30	   -0.52	  -22.09	    0.15	  417.05	 1007.19	   14.02	   1.222	   977.4	   40.00	3.511E+5	   0.118
     106	   6.005	  -0.005	  0.8536	-0.018812	 0.00002	-0.10152	-0.108012	  0.8469	0.000019	-0.00290	-0.31325	 0.00051	-0.018812	-0.000019	0.853584	-0.00283	-0.31019	 0.00082	   -2.59	   -0.00	  195.61	   -0.90	  -11.21	    0.26	  417.39	 1007.14	   13.96	   1.222	   978.2	   40.01	3.513E+5	   0.118
     107	   3.005	  -0.005	  0.5539	-0.034076	 0.00166	-0.07349	-0.063069	  0.5513	0.001659	-0.00251	-0.21131	 0.00029	-0.034076	-0.001659	0.553862	-0.00276	-0.20577	 0.00042	   -5.93	   -0.38	  127.75	   -0.87	   -7.20	    0.13	  417.58	 1007.13	   13.97	   1.222	   978.7	   40.02	3.514E+5	   0.118
     108	  13.001	  -0.005	  1.2997	0.082770	-0.00025	-0.38055	-0.211733	  1.2850	-0.000255	-0.00222	-0.70180	-0.00087	0.082770	0.000255	1.299685	-0.00232	-0.71527	-0.00038	   20.11	    0.06	  295.43	   -0.74	  -26.22	   -0.12	  417.49	 1007.14	   14.02	   1.222	   978.5	   40.02	3.513E+5	   0.118
     109	   8.005	  -0.005	  1.0120	-0.000380	 0.00089	-0.15630	-0.141316	  1.0021	0.000895	-0.00323	-0.40682	 0.00025	-0.000380	-0.000895	1.012022	-0.00330	-0.40676	 0.00070	    1.50	   -0.20	  231.65	   -1.05	  -14.87	    0.22	  417.48	 1007.14	   14.02	   1.222	   978.4	   40.02	3.512E+5	   0.118
     110	  -0.994	  -0.005	  0.1249	-0.041768	 0.00199	-0.04715	-0.039595	  0.1256	0.001992	-0.00232	-0.07855	 0.00056	-0.041768	-0.001992	0.124876	-0.00265	-0.07175	 0.00052	   -7.38	   -0.45	   29.82	   -0.84	   -2.05	    0.16	  417.22	 1007.10	   14.09	   1.221	   977.8	   40.01	3.510E+5	   0.118
     111	  -3.994	  -0.005	 -0.2171	-0.037520	 0.00064	-0.00674	-0.052555	 -0.2140	0.000642	-0.00271	 0.04676	 0.00100	-0.037520	-0.000642	-0.217147	-0.00288	 0.05287	 0.00082	   -6.18	   -0.14	  -47.50	   -0.91	    2.71	    0.26	  416.80	 1007.14	   14.19	   1.221	   976.8	   40.00	3.507E+5	   0.118
     112	   1.001	  -0.005	  0.3417	-0.039963	 0.00245	-0.06307	-0.045924	  0.3409	0.002453	-0.00220	-0.14830	 0.00027	-0.039963	-0.002453	0.341671	-0.00259	-0.14180	 0.00031	   -7.10	   -0.55	   79.23	   -0.82	   -4.74	    0.10	  416.97	 1007.15	   14.28	   1.221	   977.2	   40.01	3.506E+5	   0.118
     113	   9.001	  -0.005	  1.0703	0.012065	 0.00041	-0.20598	-0.155525	  1.0590	0.000411	-0.00311	-0.47073	-0.00002	0.012065	-0.000411	1.070291	-0.00314	-0.47269	 0.00048	    4.25	   -0.09	  243.88	   -0.99	  -17.26	    0.15	  416.89	 1007.13	   14.22	   1.221	   977.1	   40.01	3.507E+5	   0.118
     114	   9.001	  -0.005	  1.0663	0.029964	-0.00034	-0.18681	-0.137222	  1.0578	-0.000347	-0.00415	-0.45128	 0.00037	0.029964	0.000347	1.066288	-0.00398	-0.45615	 0.00103	    2.08	    0.02	   60.92	   -0.32	   -4.17	    0.08	  105.01	 1007.07	   13.54	   1.224	   245.0	   20.01	1.761E+5	   0.059
     115	   1.006	  -0.005	  0.3390	-0.019706	 0.00424	-0.06873	-0.025652	  0.3386	0.004243	-0.00291	-0.15339	 0.00016	-0.019706	-0.004243	0.339019	-0.00360	-0.15018	 0.00021	   -0.63	   -0.24	   19.68	   -0.28	   -1.26	    0.02	  104.82	 1007.05	   13.46	   1.224	   244.5	   19.99	1.760E+5	   0.059
     116	  -3.994	  -0.005	 -0.2062	-0.017269	 0.01130	-0.01407	-0.031591	 -0.2045	0.011298	-0.00318	 0.03706	 0.00084	-0.017268	-0.011298	-0.206230	-0.00507	 0.03987	 0.00062	   -0.40	   -0.64	  -11.31	   -0.40	    0.56	    0.05	  105.11	 1007.00	   13.44	   1.224	   245.2	   20.02	1.763E+5	   0.059
     117	  -0.999	  -0.005	  0.1264	-0.022094	 0.01263	-0.05090	-0.019884	  0.1268	0.012632	-0.00216	-0.08260	 0.00038	-0.022093	-0.012632	0.126446	-0.00422	-0.07900	 0.00035	   -0.74	   -0.72	    7.57	   -0.33	   -0.58	    0.03	  105.11	 1007.02	   13.46	   1.224	   245.2	   20.02	1.763E+5	   0.059
     118	   8.001	  -0.005	  1.0072	0.018187	 0.00156	-0.13476	-0.122175	  0.9999	0.001562	-0.00436	-0.38474	 0.00008	0.018187	-0.001562	1.007165	-0.00456	-0.38769	 0.00070	    1.42	   -0.09	   57.62	   -0.36	   -3.54	    0.06	  104.82	 1007.02	   13.45	   1.224	   244.5	   19.99	1.760E+5	   0.059
     119	  13.001	  -0.005	  1.2779	0.104822	 0.00292	-0.37315	-0.185340	  1.2687	0.002915	-0.00261	-0.69033	-0.00056	0.104822	-0.002915	1.277872	-0.00315	-0.70738	 0.00003	    6.27	   -0.16	   72.56	   -0.25	   -6.48	    0.00	  104.76	 1007.00	   13.38	   1.224	   244.4	   19.98	1.760E+5	   0.059
     120	   3.006	  -0.005	  0.5492	-0.012945	 0.00428	-0.08411	-0.041721	  0.5477	0.004282	-0.00330	-0.22104	-0.00007	-0.012945	-0.004282	0.549157	-0.00400	-0.21893	 0.00010	   -0.29	   -0.24	   31.70	   -0.32	   -1.92	    0.01	  104.96	 1007.01	   13.32	   1.225	   244.9	   20.00	1.763E+5	   0.059
     121	   6.001	  -0.005	  0.8473	0.001611	 0.00551	-0.08826	-0.086970	  0.8428	0.005514	-0.00312	-0.29895	-0.00057	0.001612	-0.005514	0.847254	-0.00406	-0.29922	-0.00025	    0.51	   -0.31	   48.61	   -0.32	   -2.70	   -0.02	  104.97	 1006.99	   13.32	   1.225	   244.9	   20.00	1.763E+5	   0.059
     122	  11.001	  -0.005	  1.1785	0.061537	 0.00122	-0.28815	-0.164475	  1.1686	0.001218	-0.00466	-0.58029	-0.00107	0.061537	-0.001218	1.178485	-0.00498	-0.59031	-0.00018	    3.82	   -0.07	   66.82	   -0.39	   -5.39	   -0.01	  104.51	 1007.04	   13.32	   1.225	   243.8	   19.95	1.759E+5	   0.059
     123	  -1.994	  -0.005	  0.0169	-0.021378	 0.00722	-0.04494	-0.020776	  0.0176	0.007218	-0.00303	-0.04935	 0.00054	-0.021377	-0.007218	0.016900	-0.00422	-0.04587	 0.00043	   -0.68	   -0.41	    1.27	   -0.33	   -0.26	    0.03	  104.99	 1006.99	   13.28	   1.225	   244.9	   20.00	1.763E+5	   0.059
     124	   0.001	  -0.005	  0.2316	-0.021342	 0.00813	-0.04830	-0.021344	  0.2316	0.008136	-0.00225	-0.10620	 0.00040	-0.021341	-0.008136	0.231596	-0.00357	-0.10273	 0.00040	   -0.71	   -0.46	   13.59	   -0.28	   -0.81	    0.03	  104.87	 1006.99	   13.28	   1.225	   244.6	   19.99	1.762E+5	   0.059
     125	  10.001	  -0.005	  1.1303	0.041300	 0.00095	-0.23790	-0.155624	  1.1203	0.000944	-0.00350	-0.51798	-0.00017	0.041300	-0.000944	1.130345	-0.00362	-0.52470	 0.00045	    2.71	   -0.05	   64.43	   -0.29	   -4.81	    0.04	  105.06	 1006.99	   13.30	   1.225	   245.1	   20.01	1.763E+5	   0.059
     126	   5.005	  -0.005	  0.7541	-0.003755	 0.00487	-0.08771	-0.069539	  0.7509	0.004866	-0.00336	-0.27544	-0.00042	-0.003755	-0.004866	0.754130	-0.00418	-0.27483	-0.00013	    0.21	   -0.28	   43.46	   -0.33	   -2.47	   -0.01	  105.22	 1006.97	   13.28	   1.225	   245.5	   20.02	1.765E+5	   0.059
     127	   4.005	  -0.005	  0.6522	-0.008504	 0.00485	-0.08620	-0.054039	  0.6500	0.004854	-0.00313	-0.24870	-0.00038	-0.008503	-0.004854	0.652190	-0.00394	-0.24732	-0.00016	   -0.05	   -0.28	   37.70	   -0.31	   -2.20	   -0.01	  105.23	 1006.96	   13.26	   1.225	   245.5	   20.02	1.765E+5	   0.059
     128	   4.001	  -0.005	  0.6499	-0.009046	 0.00487	-0.08602	-0.054370	  0.6477	0.004868	-0.00271	-0.24796	-0.00041	-0.009045	-0.004868	0.649948	-0.00352	-0.24649	-0.00022	   -0.08	   -0.28	   37.50	   -0.28	   -2.19	   -0.02	  105.03	 1006.97	   13.24	   1.225	   245.0	   20.00	1.764E+5	   0.059
     129	   2.006	  -0.005	  0.4454	-0.016418	 0.00433	-0.07922	-0.031996	  0.4446	0.004328	-0.00297	-0.19037	 0.00003	-0.016418	-0.004328	0.445430	-0.00367	-0.18770	 0.00013	   -0.47	   -0.25	   25.80	   -0.29	   -1.63	    0.01	  105.18	 1006.96	   13.22	   1.225	   245.4	   20.02	1.765E+5	   0.059
     130	  -2.994	  -0.005	 -0.0920	-0.020552	 0.01173	-0.03374	-0.025328	 -0.0908	0.011729	-0.00289	-0.01104	 0.00059	-0.020551	-0.011729	-0.091987	-0.00482	-0.00770	 0.00044	   -0.61	   -0.66	   -4.86	   -0.38	    0.10	    0.03	  104.90	 1006.96	   13.20	   1.225	   244.7	   19.99	1.763E+5	   0.059
