  Run_nr	   Alpha	    Beta	      CL	      CD	    Cyaw	 Cm_p_qc	      Ct	      Cn	   Cside	 Cm_roll	Cm_pitch	  Cm_yaw	       V	      Re	       M
       /	 degrees	 degrees	       /	       /	       /	       /	       /	       /	       /	       /	       /	       /	     m/s	       /	       /
       1	  -4.994	   0.000	 -0.4781	-0.011522	 0.00082	 0.46609	-0.053105	 -0.4753	0.000820	-0.00295	 0.58007	 0.00079	   40.20	3.548E+5	   0.119	        	        	        	        	        	        	        	        	        	        	        	        	        	        	        	        	        
       2	   7.001	   0.000	  0.8094	-0.013830	 0.00140	 0.25555	-0.112378	  0.8017	0.001399	-0.00290	 0.05247	 0.00003	   40.18	3.543E+5	   0.118	        	        	        	        	        	        	        	        	        	        	        	        	        	        	        	        	        
       3	  14.001	   0.000	  1.2303	0.085341	 0.00036	-0.01728	-0.214855	  1.2144	0.000361	-0.00195	-0.32071	-0.00053	   40.18	3.543E+5	   0.118	        	        	        	        	        	        	        	        	        	        	        	        	        	        	        	        	        
       4	  12.005	   0.000	  1.1204	0.049093	-0.00203	 0.06734	-0.185017	  1.1061	-0.002027	-0.00205	-0.20988	 0.00002	   40.23	3.548E+5	   0.119	        	        	        	        	        	        	        	        	        	        	        	        	        	        	        	        	        
       5	  -4.994	   0.000	 -0.4697	0.019686	 0.00130	 0.45657	-0.021276	 -0.4696	0.001297	-0.00300	 0.56922	 0.00075	   40.19	3.541E+5	   0.118	        	        	        	        	        	        	        	        	        	        	        	        	        	        	        	        	        
       6	   7.001	   0.000	  0.8056	0.019912	 0.00131	 0.26602	-0.078428	  0.8020	0.001313	-0.00295	 0.06273	 0.00003	   40.22	3.541E+5	   0.118	        	        	        	        	        	        	        	        	        	        	        	        	        	        	        	        	        
       7	  12.001	   0.000	  1.1051	0.077522	-0.00157	 0.09983	-0.153957	  1.0971	-0.001574	-0.00179	-0.17548	 0.00002	   40.22	3.542E+5	   0.118	        	        	        	        	        	        	        	        	        	        	        	        	        	        	        	        	        
       8	  14.001	   0.000	  1.2112	0.113312	 0.00137	 0.01399	-0.183078	  1.2026	0.001372	-0.00179	-0.28681	-0.00056	   40.20	3.540E+5	   0.118	        	        	        	        	        	        	        	        	        	        	        	        	        	        	        	        	        
       9	  -4.994	   0.000	 -0.4526	0.086311	 0.00101	 0.45375	0.046583	 -0.4584	0.001008	-0.00316	 0.56362	 0.00076	   40.17	3.537E+5	   0.118	        	        	        	        	        	        	        	        	        	        	        	        	        	        	        	        	        
      10	  14.001	   0.000	  1.1455	0.183758	-0.00143	 0.13359	-0.098840	  1.1559	-0.001427	-0.00205	-0.15679	-0.00002	   40.21	3.538E+5	   0.118	        	        	        	        	        	        	        	        	        	        	        	        	        	        	        	        	        
      11	   7.006	   0.000	  0.7694	0.092905	-0.00051	 0.35955	-0.001625	  0.7749	-0.000514	-0.00330	 0.16207	 0.00007	   40.21	3.539E+5	   0.118	        	        	        	        	        	        	        	        	        	        	        	        	        	        	        	        	        
      12	  12.001	   0.000	  1.0474	0.151017	-0.00293	 0.20095	-0.070062	  1.0559	-0.002926	-0.00203	-0.06511	 0.00014	   40.24	3.541E+5	   0.119	        	        	        	        	        	        	        	        	        	        	        	        	        	        	        	        	        
      13	  12.001	   0.000	  1.0986	0.066755	 0.00092	 0.07114	-0.163135	  1.0885	0.000917	-0.00510	-0.20171	-0.00069	   20.09	1.771E+5	   0.059	        	        	        	        	        	        	        	        	        	        	        	        	        	        	        	        	        
      14	  14.001	   0.000	  1.2117	0.107091	 0.00167	-0.01720	-0.189237	  1.2016	0.001671	-0.00244	-0.31741	-0.00031	   20.08	1.772E+5	   0.059	        	        	        	        	        	        	        	        	        	        	        	        	        	        	        	        	        
      15	   7.006	   0.000	  0.8065	0.006962	 0.00422	 0.27887	-0.091450	  0.8013	0.004218	-0.00369	 0.07569	-0.00011	   20.10	1.773E+5	   0.059	        	        	        	        	        	        	        	        	        	        	        	        	        	        	        	        	        
      16	  -4.994	   0.000	 -0.4652	0.008051	 0.01091	 0.46149	-0.032482	 -0.4642	0.010911	-0.00251	 0.57280	 0.00068	   20.07	1.771E+5	   0.059	        	        	        	        	        	        	        	        	        	        	        	        	        	        	        	        	        
      17	  12.001	   0.000	  1.0688	0.102010	-0.00221	 0.04222	-0.122453	  1.0667	-0.002209	-0.00455	-0.22487	-0.00126	   10.04	8.867E+4	   0.030	        	        	        	        	        	        	        	        	        	        	        	        	        	        	        	        	        
      18	  14.001	   0.000	  1.2346	0.135383	-0.00282	 0.01128	-0.167328	  1.2306	-0.002818	-0.00466	-0.29650	-0.00122	   10.09	8.909E+4	   0.030	        	        	        	        	        	        	        	        	        	        	        	        	        	        	        	        	        
      19	   7.006	   0.000	  0.7998	0.030140	 0.01254	 0.28137	-0.067631	  0.7975	0.012544	-0.00471	 0.07913	-0.00298	   10.07	8.895E+4	   0.030	        	        	        	        	        	        	        	        	        	        	        	        	        	        	        	        	        
      20	  -4.994	   0.000	 -0.5770	0.033566	 0.00180	 0.44570	-0.016795	 -0.5777	0.001798	-0.00177	 0.58558	-0.00044	   10.06	8.890E+4	   0.030	        	        	        	        	        	        	        	        	        	        	        	        	        	        	        	        	        
      21	  12.001	   0.000	  1.0369	0.158297	-0.00310	 0.21548	-0.060757	  1.0471	-0.003105	-0.00215	-0.04855	 0.00006	   40.20	3.542E+5	   0.118	        	        	        	        	        	        	        	        	        	        	        	        	        	        	        	        	        
      22	   7.006	   0.000	  0.7621	0.098767	 0.00138	 0.37340	0.005079	  0.7685	0.001384	-0.00323	 0.17739	-0.00015	   40.20	3.542E+5	   0.118	        	        	        	        	        	        	        	        	        	        	        	        	        	        	        	        	        
      23	  -4.994	   0.000	 -0.4521	0.093481	 0.00122	 0.45767	0.053773	 -0.4585	0.001224	-0.00307	 0.56752	 0.00067	   40.22	3.540E+5	   0.118	        	        	        	        	        	        	        	        	        	        	        	        	        	        	        	        	        
      24	  14.001	   0.000	  1.1309	0.193206	-0.00619	 0.15643	-0.086143	  1.1441	-0.006189	-0.00256	-0.13121	 0.00019	   40.22	3.538E+5	   0.118	        	        	        	        	        	        	        	        	        	        	        	        	        	        	        	        	        
      25	  14.001	   0.000	  1.1215	0.207291	 0.00206	 0.13842	-0.070195	  1.1383	0.002063	-0.00250	-0.14758	-0.00039	   20.11	1.773E+5	   0.059	        	        	        	        	        	        	        	        	        	        	        	        	        	        	        	        	        
      26	   7.006	   0.000	  0.7643	0.107701	 0.00414	 0.38448	0.013673	  0.7718	0.004141	-0.00390	 0.18759	-0.00047	   20.13	1.776E+5	   0.059	        	        	        	        	        	        	        	        	        	        	        	        	        	        	        	        	        
      27	  -4.994	   0.000	 -0.4394	0.101920	 0.00759	 0.45452	0.063278	 -0.4466	0.007586	-0.00265	 0.56151	 0.00078	   20.12	1.775E+5	   0.059	        	        	        	        	        	        	        	        	        	        	        	        	        	        	        	        	        
      28	  12.001	   0.000	  1.0229	0.168885	-0.00112	 0.20891	-0.047493	  1.0357	-0.001118	-0.00552	-0.05214	-0.00049	   20.13	1.776E+5	   0.059	        	        	        	        	        	        	        	        	        	        	        	        	        	        	        	        	        
      29	  14.001	   0.000	  1.1493	0.225556	-0.00730	 0.14680	-0.059197	  1.1697	-0.007304	-0.00428	-0.14712	-0.00036	   10.08	8.902E+4	   0.030	        	        	        	        	        	        	        	        	        	        	        	        	        	        	        	        	        
      30	  12.005	   0.000	  1.0028	0.195236	-0.00334	 0.18270	-0.017611	  1.0214	-0.003336	-0.00715	-0.07453	-0.00151	   10.10	8.919E+4	   0.030	        	        	        	        	        	        	        	        	        	        	        	        	        	        	        	        	        
      31	  -4.994	   0.000	 -0.5529	0.118706	 0.00261	 0.43467	0.070122	 -0.5611	0.002610	-0.00225	 0.57051	-0.00093	   10.08	8.909E+4	   0.030	        	        	        	        	        	        	        	        	        	        	        	        	        	        	        	        	        
      32	   7.001	   0.000	  0.7537	0.118930	 0.01179	 0.38339	0.026183	  0.7625	0.011790	-0.00341	 0.18883	-0.00281	   10.05	8.878E+4	   0.030	        	        	        	        	        	        	        	        	        	        	        	        	        	        	        	        	        
