  Run_nr	   Alpha	    Beta	      CL	      CD	    Cyaw	 Cm_p_qc	      Ct	      Cn	   Cside	 Cm_roll	Cm_pitch	  Cm_yaw	       V	      Re	       M
       /	 degrees	 degrees	       /	       /	       /	       /	       /	       /	       /	       /	       /	       /	     m/s	       /	       /
      65	  -4.994	  -0.005	 -0.3267	-0.033035	 0.00064	 0.01354	-0.061348	 -0.3225	0.000645	-0.00249	 0.09404	 0.00100	   40.20	3.543E+5	   0.118	        	        	        	        	        	        	        	        	        	        	        	        	        	        	        	        	        
      66	   7.001	  -0.005	  0.9302	-0.011109	 0.00020	-0.11925	-0.124402	  0.9219	0.000203	-0.00286	-0.34849	 0.00042	   40.23	3.541E+5	   0.119	        	        	        	        	        	        	        	        	        	        	        	        	        	        	        	        	        
      67	  12.001	  -0.005	  1.2455	0.058729	-0.00193	-0.32503	-0.201528	  1.2305	-0.001934	-0.00165	-0.62927	 0.00009	   40.22	3.539E+5	   0.118	        	        	        	        	        	        	        	        	        	        	        	        	        	        	        	        	        
      68	  14.001	  -0.005	  1.3569	0.101041	 0.00156	-0.40267	-0.230233	  1.3410	0.001548	-0.00136	-0.73373	-0.00081	   40.21	3.537E+5	   0.118	        	        	        	        	        	        	        	        	        	        	        	        	        	        	        	        	        
      69	   7.005	  -0.005	  0.9206	0.022562	-0.00002	-0.08655	-0.089888	  0.9165	-0.000018	-0.00303	-0.31477	 0.00042	   40.21	3.536E+5	   0.118	        	        	        	        	        	        	        	        	        	        	        	        	        	        	        	        	        
      70	  14.001	  -0.005	  1.3343	0.127742	 0.00181	-0.35125	-0.198857	  1.3255	0.001799	-0.00126	-0.67897	-0.00079	   40.20	3.535E+5	   0.118	        	        	        	        	        	        	        	        	        	        	        	        	        	        	        	        	        
      71	  -4.994	  -0.005	 -0.3290	0.000245	 0.00070	 0.03562	-0.028398	 -0.3278	0.000703	-0.00258	 0.11719	 0.00098	   40.20	3.532E+5	   0.118	        	        	        	        	        	        	        	        	        	        	        	        	        	        	        	        	        
      72	  12.001	  -0.005	  1.2241	0.087894	-0.00213	-0.27696	-0.168551	  1.2156	-0.002141	-0.00158	-0.57799	 0.00010	   40.20	3.531E+5	   0.118	        	        	        	        	        	        	        	        	        	        	        	        	        	        	        	        	        
      73	   7.005	  -0.005	  0.8815	0.096101	 0.00011	 0.02151	-0.012127	  0.8866	0.000100	-0.00312	-0.20037	 0.00042	   40.23	3.535E+5	   0.118	        	        	        	        	        	        	        	        	        	        	        	        	        	        	        	        	        
      74	  12.001	  -0.005	  1.1583	0.161592	-0.00294	-0.13350	-0.082778	  1.1666	-0.002953	-0.00175	-0.42375	 0.00021	   40.19	3.531E+5	   0.118	        	        	        	        	        	        	        	        	        	        	        	        	        	        	        	        	        
      75	  -4.994	  -0.005	 -0.3344	0.071870	 0.00025	 0.10595	0.042483	 -0.3394	0.000245	-0.00290	 0.18970	 0.00104	   40.21	3.530E+5	   0.118	        	        	        	        	        	        	        	        	        	        	        	        	        	        	        	        	        
      76	   0.001	  -0.005	  0.1998	0.066032	 0.00162	 0.07418	0.066029	  0.1998	0.001612	-0.00247	 0.02347	 0.00050	   40.23	3.529E+5	   0.118	        	        	        	        	        	        	        	        	        	        	        	        	        	        	        	        	        
      77	  14.001	  -0.005	  1.2525	0.197482	-0.00308	-0.19931	-0.111412	  1.2631	-0.003098	-0.00221	-0.51300	-0.00004	   40.19	3.527E+5	   0.118	        	        	        	        	        	        	        	        	        	        	        	        	        	        	        	        	        
      78	  12.005	  -0.005	  1.2260	0.078045	 0.00177	-0.31210	-0.178677	  1.2154	0.001765	-0.00526	-0.61276	-0.00118	   20.14	1.771E+5	   0.059	        	        	        	        	        	        	        	        	        	        	        	        	        	        	        	        	        
      79	  -4.994	  -0.005	 -0.3149	-0.013455	 0.00680	 0.01394	-0.040821	 -0.3126	0.006802	-0.00270	 0.09194	 0.00110	   20.12	1.770E+5	   0.059	        	        	        	        	        	        	        	        	        	        	        	        	        	        	        	        	        
      80	  14.001	  -0.005	  1.3320	0.122460	 0.00256	-0.39164	-0.203447	  1.3221	0.002552	-0.00213	-0.71815	-0.00065	   20.07	1.767E+5	   0.059	        	        	        	        	        	        	        	        	        	        	        	        	        	        	        	        	        
      81	   7.006	  -0.005	  0.9272	0.009524	 0.00335	-0.09135	-0.103638	  0.9215	0.003352	-0.00386	-0.32078	-0.00001	   20.13	1.773E+5	   0.059	        	        	        	        	        	        	        	        	        	        	        	        	        	        	        	        	        
      82	  12.001	  -0.005	  1.1905	0.110713	 0.00052	-0.32453	-0.139253	  1.1875	0.000508	-0.00476	-0.61811	-0.00189	   10.05	8.860E+4	   0.030	        	        	        	        	        	        	        	        	        	        	        	        	        	        	        	        	        
      83	   7.006	  -0.005	  0.9055	0.029122	 0.01381	-0.07629	-0.081537	  0.9023	0.013805	-0.00634	-0.30109	-0.00380	   10.03	8.840E+4	   0.030	        	        	        	        	        	        	        	        	        	        	        	        	        	        	        	        	        
      84	  -4.994	  -0.005	 -0.4302	0.011741	 0.00007	 0.01150	-0.025753	 -0.4295	0.000070	-0.00201	 0.11877	 0.00019	   10.06	8.872E+4	   0.030	        	        	        	        	        	        	        	        	        	        	        	        	        	        	        	        	        
      85	  14.001	  -0.005	  1.3473	0.148079	-0.00384	-0.35804	-0.182272	  1.3431	-0.003855	-0.00560	-0.69014	-0.00104	   10.03	8.843E+4	   0.030	        	        	        	        	        	        	        	        	        	        	        	        	        	        	        	        	        
      86	  12.005	  -0.005	  1.1473	0.168506	-0.00303	-0.10908	-0.073827	  1.1573	-0.003040	-0.00190	-0.39727	 0.00011	   40.20	3.538E+5	   0.118	        	        	        	        	        	        	        	        	        	        	        	        	        	        	        	        	        
      87	  14.001	  -0.005	  1.2365	0.206226	-0.00557	-0.16905	-0.099049	  1.2496	-0.005591	-0.00251	-0.47970	 0.00023	   40.21	3.537E+5	   0.118	        	        	        	        	        	        	        	        	        	        	        	        	        	        	        	        	        
      88	   7.005	  -0.005	  0.8751	0.103283	-0.00033	 0.03010	-0.004217	  0.8812	-0.000344	-0.00321	-0.19050	 0.00046	   40.24	3.538E+5	   0.119	        	        	        	        	        	        	        	        	        	        	        	        	        	        	        	        	        
      89	  -4.994	  -0.005	 -0.3343	0.079350	 0.00041	 0.10947	0.049944	 -0.3400	0.000402	-0.00287	 0.19332	 0.00100	   40.23	3.535E+5	   0.118	        	        	        	        	        	        	        	        	        	        	        	        	        	        	        	        	        
      90	  12.001	  -0.005	  1.1317	0.178729	-0.00226	-0.11662	-0.060490	  1.1441	-0.002278	-0.00578	-0.40146	-0.00036	   20.07	1.765E+5	   0.059	        	        	        	        	        	        	        	        	        	        	        	        	        	        	        	        	        
      91	  14.001	  -0.005	  1.2280	0.219788	 0.00154	-0.17937	-0.083835	  1.2447	0.001524	-0.00288	-0.48870	-0.00043	   20.10	1.769E+5	   0.059	        	        	        	        	        	        	        	        	        	        	        	        	        	        	        	        	        
      92	  -4.994	  -0.005	 -0.3195	0.088070	 0.01000	 0.10458	0.059925	 -0.3259	0.009996	-0.00268	 0.18499	 0.00106	   20.12	1.773E+5	   0.059	        	        	        	        	        	        	        	        	        	        	        	        	        	        	        	        	        
      93	   7.001	  -0.005	  0.8761	0.111435	 0.00380	 0.04231	0.003825	  0.8831	0.003794	-0.00330	-0.17891	-0.00042	   20.08	1.770E+5	   0.059	        	        	        	        	        	        	        	        	        	        	        	        	        	        	        	        	        
      94	   7.001	  -0.005	  0.8552	0.122468	 0.01182	 0.04319	0.017322	  0.8638	0.011806	-0.00388	-0.17319	-0.00333	   10.06	8.872E+4	   0.030	        	        	        	        	        	        	        	        	        	        	        	        	        	        	        	        	        
      95	  14.001	  -0.005	  1.2527	0.237570	-0.00900	-0.16416	-0.072566	  1.2730	-0.009017	-0.00537	-0.48073	 0.00006	   10.07	8.880E+4	   0.030	        	        	        	        	        	        	        	        	        	        	        	        	        	        	        	        	        
      96	  -4.995	  -0.005	 -0.4357	0.104605	 0.00088	 0.10317	0.066274	 -0.4432	0.000876	-0.00321	 0.21291	-0.00003	   10.06	8.875E+4	   0.030	        	        	        	        	        	        	        	        	        	        	        	        	        	        	        	        	        
      97	  12.001	  -0.005	  1.1011	0.203047	-0.00269	-0.13785	-0.030330	  1.1192	-0.002707	-0.00555	-0.41625	-0.00063	   10.02	8.847E+4	   0.030	        	        	        	        	        	        	        	        	        	        	        	        	        	        	        	        	        
      98	  -2.994	  -0.005	 -0.0994	-0.039588	 0.00064	-0.02283	-0.044728	 -0.0972	0.000641	-0.00254	 0.00171	 0.00086	   40.21	3.537E+5	   0.118	        	        	        	        	        	        	        	        	        	        	        	        	        	        	        	        	        
      99	   2.001	  -0.005	  0.4441	-0.037426	 0.00238	-0.06884	-0.052908	  0.4425	0.002383	-0.00227	-0.17875	 0.00021	   40.19	3.532E+5	   0.118	        	        	        	        	        	        	        	        	        	        	        	        	        	        	        	        	        
     100	   4.001	  -0.005	  0.6473	-0.030019	 0.00040	-0.08060	-0.075107	  0.6436	0.000400	-0.00265	-0.24067	 0.00064	   40.20	3.533E+5	   0.118	        	        	        	        	        	        	        	        	        	        	        	        	        	        	        	        	        
     101	   5.001	  -0.005	  0.7472	-0.025048	-0.00018	-0.08930	-0.090087	  0.7422	-0.000179	-0.00275	-0.27392	 0.00072	   40.21	3.534E+5	   0.118	        	        	        	        	        	        	        	        	        	        	        	        	        	        	        	        	        
     102	  10.001	  -0.005	  1.1140	0.026285	-0.00034	-0.26152	-0.167578	  1.1017	-0.000339	-0.00239	-0.53421	 0.00016	   40.20	3.533E+5	   0.118	        	        	        	        	        	        	        	        	        	        	        	        	        	        	        	        	        
     103	   0.006	  -0.005	  0.2329	-0.040913	 0.00280	-0.05375	-0.040935	  0.2329	0.002805	-0.00217	-0.11141	 0.00028	   40.21	3.533E+5	   0.118	        	        	        	        	        	        	        	        	        	        	        	        	        	        	        	        	        
     104	  -1.994	  -0.005	  0.0135	-0.041054	 0.00070	-0.03631	-0.040558	  0.0150	0.000699	-0.00249	-0.03967	 0.00075	   40.21	3.531E+5	   0.118	        	        	        	        	        	        	        	        	        	        	        	        	        	        	        	        	        
     105	  11.001	  -0.005	  1.1769	0.041318	-0.00083	-0.30258	-0.184015	  1.1632	-0.000833	-0.00181	-0.59021	 0.00011	   40.21	3.529E+5	   0.118	        	        	        	        	        	        	        	        	        	        	        	        	        	        	        	        	        
     106	   6.005	  -0.005	  0.8447	-0.018616	 0.00002	-0.10152	-0.106887	  0.8381	0.000018	-0.00287	-0.30999	 0.00051	   40.22	3.531E+5	   0.118	        	        	        	        	        	        	        	        	        	        	        	        	        	        	        	        	        
     107	   3.005	  -0.005	  0.5481	-0.033722	 0.00164	-0.07349	-0.062412	  0.5456	0.001642	-0.00248	-0.20911	 0.00029	   40.23	3.532E+5	   0.118	        	        	        	        	        	        	        	        	        	        	        	        	        	        	        	        	        
     108	  13.001	  -0.005	  1.2861	0.081907	-0.00025	-0.38055	-0.209528	  1.2716	-0.000252	-0.00220	-0.69449	-0.00086	   40.23	3.531E+5	   0.118	        	        	        	        	        	        	        	        	        	        	        	        	        	        	        	        	        
     109	   8.005	  -0.005	  1.0015	-0.000376	 0.00089	-0.15630	-0.139844	  0.9917	0.000886	-0.00319	-0.40259	 0.00025	   40.23	3.531E+5	   0.118	        	        	        	        	        	        	        	        	        	        	        	        	        	        	        	        	        
     110	  -0.994	  -0.005	  0.1236	-0.041333	 0.00197	-0.04715	-0.039182	  0.1243	0.001971	-0.00230	-0.07773	 0.00055	   40.22	3.528E+5	   0.118	        	        	        	        	        	        	        	        	        	        	        	        	        	        	        	        	        
     111	  -3.994	  -0.005	 -0.2149	-0.037129	 0.00063	-0.00674	-0.052008	 -0.2118	0.000635	-0.00268	 0.04628	 0.00099	   40.21	3.525E+5	   0.118	        	        	        	        	        	        	        	        	        	        	        	        	        	        	        	        	        
     112	   1.001	  -0.005	  0.3381	-0.039546	 0.00242	-0.06307	-0.045445	  0.3374	0.002427	-0.00218	-0.14676	 0.00027	   40.22	3.524E+5	   0.118	        	        	        	        	        	        	        	        	        	        	        	        	        	        	        	        	        
     113	   9.001	  -0.005	  1.0591	0.011939	 0.00041	-0.20598	-0.153905	  1.0480	0.000406	-0.00308	-0.46582	-0.00002	   40.22	3.525E+5	   0.118	        	        	        	        	        	        	        	        	        	        	        	        	        	        	        	        	        
     114	   9.001	  -0.005	  1.0554	0.029657	-0.00034	-0.18681	-0.135815	  1.0470	-0.000344	-0.00411	-0.44665	 0.00037	   20.11	1.770E+5	   0.059	        	        	        	        	        	        	        	        	        	        	        	        	        	        	        	        	        
     115	   1.006	  -0.005	  0.3355	-0.019504	 0.00420	-0.06873	-0.025389	  0.3351	0.004199	-0.00288	-0.15181	 0.00016	   20.09	1.769E+5	   0.059	        	        	        	        	        	        	        	        	        	        	        	        	        	        	        	        	        
     116	  -3.994	  -0.005	 -0.2041	-0.017092	 0.01118	-0.01407	-0.031268	 -0.2024	0.011182	-0.00315	 0.03668	 0.00084	   20.12	1.772E+5	   0.059	        	        	        	        	        	        	        	        	        	        	        	        	        	        	        	        	        
     117	  -0.999	  -0.005	  0.1251	-0.021867	 0.01250	-0.05090	-0.019680	  0.1255	0.012502	-0.00213	-0.08175	 0.00038	   20.12	1.772E+5	   0.059	        	        	        	        	        	        	        	        	        	        	        	        	        	        	        	        	        
     118	   8.001	  -0.005	  0.9968	0.018000	 0.00155	-0.13476	-0.120922	  0.9896	0.001546	-0.00431	-0.38079	 0.00008	   20.09	1.769E+5	   0.059	        	        	        	        	        	        	        	        	        	        	        	        	        	        	        	        	        
     119	  13.001	  -0.005	  1.2648	0.103747	 0.00289	-0.37315	-0.183440	  1.2557	0.002886	-0.00259	-0.68325	-0.00056	   20.08	1.769E+5	   0.059	        	        	        	        	        	        	        	        	        	        	        	        	        	        	        	        	        
     120	   3.006	  -0.005	  0.5435	-0.012812	 0.00424	-0.08411	-0.041293	  0.5421	0.004238	-0.00327	-0.21877	-0.00007	   20.10	1.772E+5	   0.059	        	        	        	        	        	        	        	        	        	        	        	        	        	        	        	        	        
     121	   6.001	  -0.005	  0.8386	0.001595	 0.00546	-0.08826	-0.086078	  0.8341	0.005458	-0.00309	-0.29589	-0.00057	   20.10	1.772E+5	   0.059	        	        	        	        	        	        	        	        	        	        	        	        	        	        	        	        	        
     122	  11.001	  -0.005	  1.1664	0.060906	 0.00121	-0.28815	-0.162788	  1.1566	0.001205	-0.00461	-0.57434	-0.00105	   20.06	1.768E+5	   0.059	        	        	        	        	        	        	        	        	        	        	        	        	        	        	        	        	        
     123	  -1.994	  -0.005	  0.0167	-0.021158	 0.00714	-0.04494	-0.020563	  0.0175	0.007144	-0.00300	-0.04884	 0.00053	   20.10	1.772E+5	   0.059	        	        	        	        	        	        	        	        	        	        	        	        	        	        	        	        	        
     124	   0.001	  -0.005	  0.2292	-0.021123	 0.00805	-0.04830	-0.021126	  0.2292	0.008052	-0.00223	-0.10511	 0.00040	   20.09	1.771E+5	   0.059	        	        	        	        	        	        	        	        	        	        	        	        	        	        	        	        	        
     125	  10.001	  -0.005	  1.1188	0.040877	 0.00094	-0.23790	-0.154029	  1.1089	0.000935	-0.00346	-0.51267	-0.00017	   20.11	1.772E+5	   0.059	        	        	        	        	        	        	        	        	        	        	        	        	        	        	        	        	        
     126	   5.005	  -0.005	  0.7464	-0.003717	 0.00482	-0.08771	-0.068826	  0.7432	0.004816	-0.00333	-0.27262	-0.00042	   20.12	1.774E+5	   0.059	        	        	        	        	        	        	        	        	        	        	        	        	        	        	        	        	        
     127	   4.005	  -0.005	  0.6455	-0.008416	 0.00480	-0.08620	-0.053485	  0.6433	0.004804	-0.00310	-0.24615	-0.00038	   20.12	1.774E+5	   0.059	        	        	        	        	        	        	        	        	        	        	        	        	        	        	        	        	        
     128	   4.001	  -0.005	  0.6433	-0.008953	 0.00482	-0.08602	-0.053812	  0.6411	0.004819	-0.00268	-0.24541	-0.00041	   20.10	1.773E+5	   0.059	        	        	        	        	        	        	        	        	        	        	        	        	        	        	        	        	        
     129	   2.006	  -0.005	  0.4409	-0.016250	 0.00428	-0.07922	-0.031668	  0.4400	0.004283	-0.00294	-0.18842	 0.00003	   20.12	1.774E+5	   0.059	        	        	        	        	        	        	        	        	        	        	        	        	        	        	        	        	        
     130	  -2.994	  -0.005	 -0.0910	-0.020341	 0.01161	-0.03374	-0.025069	 -0.0899	0.011609	-0.00286	-0.01093	 0.00058	   20.09	1.772E+5	   0.059	        	        	        	        	        	        	        	        	        	        	        	        	        	        	        	        	        
