  Run_nr	    Time	   Alpha	    Beta	Delta_Pb	   P_bar	       T	      B1	      B2	      B3	      B4	      B5	      B6	     rpm	     Rho	       Q	       V	      Re	 nrotor1	 nrotor2	      I1	      I2	    dptq	  Extra1	  Extra2	  Extra3	  Extra4	  Extra5	  Extra6	  Extra7	  Extra8	  Extra9	 Extra10
       /	   H:M:S	 degrees	 degrees	      Pa	     hPa	 degr._C	   steps	   steps	   steps	   steps	   steps	   steps	   1/min	  kg/m^3	      Pa	     m/s	       /	     1/s	     1/s	       A	       A	      Pa	       /	       /	       /	       /	       /	       /	       /	       /	       /	       /
       1	 09:25:38	  -4.994	   0.000	  418.34	 1007.74	   13.21	   -36.3	     9.1	 -1209.8	 -1254.3	  1758.8	   -27.4	   0.000	   1.226	   980.5	    40.0	  454297	  123.02	  123.02	   12.65	   12.16	    0.00	  20.202	  20.930	  46.099	  49.327	   0.000	   0.000	   0.000	   0.000	   0.000	   0.000
       2	 09:26:27	   7.001	   0.000	  417.67	 1007.80	   13.40	  -173.1	    -6.8	  1515.9	  1477.2	   175.9	   -17.9	   0.000	   1.225	   978.9	    40.0	  453580	  123.04	  123.02	   12.93	   11.30	    0.00	  21.079	  21.552	  46.276	  49.554	   0.000	   0.000	   0.000	   0.000	   0.000	   0.000
       3	 09:27:08	  14.001	   0.000	  417.65	 1007.83	   13.38	  2273.4	    -9.4	  2083.0	  2053.8	  1185.7	     3.9	   0.000	   1.225	   978.8	    40.0	  453606	  123.03	  123.03	   13.23	   11.84	    0.00	  22.368	  22.735	  46.380	  49.615	   0.000	   0.000	   0.000	   0.000	   0.000	   0.000
       4	 09:27:37	  12.005	   0.000	  418.79	 1007.80	   13.38	  1362.7	    44.5	  1992.2	  1935.0	   728.7	   -21.3	   0.000	   1.225	   981.5	    40.0	  454225	  123.03	  123.03	   13.17	   12.34	    0.00	  23.315	  23.697	  46.238	  49.492	   0.000	   0.000	   0.000	   0.000	   0.000	   0.000
       5	 09:28:46	  -4.994	   0.000	  417.74	 1007.80	   13.52	   739.0	     0.8	 -1301.7	 -1340.7	  2288.8	   -25.6	   0.000	   1.225	   979.0	    40.0	  453353	  109.36	  109.37	    7.33	    7.61	    0.00	  24.630	  25.388	  43.722	  47.577	   0.000	   0.000	   0.000	   0.000	   0.000	   0.000
       6	 09:29:34	   7.001	   0.000	  418.19	 1007.79	   13.62	   665.8	    -5.0	  1382.8	  1343.3	   816.6	   -18.9	   0.000	   1.224	   980.1	    40.0	  453405	  109.36	  109.37	    7.61	    7.67	    0.00	  24.272	  25.298	  43.661	  47.510	   0.000	   0.000	   0.000	   0.000	   0.000	   0.000
       7	 09:30:01	  12.001	   0.000	  418.28	 1007.83	   13.58	  2068.0	    35.7	  1832.1	  1786.7	  1342.2	   -18.5	   0.000	   1.224	   980.3	    40.0	  453545	  109.35	  109.36	    8.48	    7.29	    0.00	  24.021	  25.140	  43.986	  47.678	   0.000	   0.000	   0.000	   0.000	   0.000	   0.000
       8	 09:30:28	  14.001	   0.000	  417.78	 1007.83	   13.56	  2969.0	   -26.7	  1918.8	  1905.6	  1790.5	     7.3	   0.000	   1.225	   979.1	    40.0	  453311	  109.36	  109.36	    7.95	    7.90	    0.00	  23.835	  24.990	  44.209	  47.883	   0.000	   0.000	   0.000	   0.000	   0.000	   0.000
       9	 09:31:22	  -4.994	   0.000	  417.09	 1007.81	   13.62	  2390.3	     4.8	 -1503.6	 -1546.6	  3471.4	   -25.9	   0.000	   1.224	   977.5	    40.0	  452815	   56.19	   56.18	   -0.85	   -0.81	    0.00	  23.257	  24.486	  41.162	  45.568	   0.000	   0.000	   0.000	   0.000	   0.000	   0.000
      10	 09:32:35	  14.001	   0.000	  417.77	 1007.81	   13.70	  4718.9	    37.0	  1480.9	  1436.5	  3443.2	   -23.9	   0.000	   1.224	   979.1	    40.0	  453024	   56.19	   56.21	   -0.64	   -0.68	    0.00	  21.338	  22.648	  43.035	  46.586	   0.000	   0.000	   0.000	   0.000	   0.000	   0.000
      11	 09:33:10	   7.006	   0.000	  417.91	 1007.80	   13.68	  2479.3	    24.2	  1004.0	   939.9	  2426.0	   -23.5	   0.000	   1.224	   979.5	    40.0	  453141	   56.19	   56.19	   -0.92	   -0.87	    0.00	  20.467	  21.767	  41.395	  45.509	   0.000	   0.000	   0.000	   0.000	   0.000	   0.000
      12	 09:33:54	  12.001	   0.000	  418.47	 1007.80	   13.70	  3897.8	    61.9	  1402.3	  1340.3	  2996.8	   -28.0	   0.000	   1.224	   980.8	    40.0	  453401	   56.19	   56.20	   -0.93	   -0.78	    0.00	  19.596	  20.872	  41.888	  46.007	   0.000	   0.000	   0.000	   0.000	   0.000	   0.000
      13	 09:35:11	  12.001	   0.000	  104.86	 1007.81	   13.41	   442.3	    -2.0	   424.9	   411.2	   501.2	    -3.4	   0.000	   1.225	   244.6	    20.0	  226724	   61.51	   61.51	    1.50	    1.53	    0.00	  18.803	  19.996	  51.547	  46.886	   0.000	   0.000	   0.000	   0.000	   0.000	   0.000
      14	 09:35:48	  14.001	   0.000	  104.88	 1007.81	   13.32	   696.9	    -5.6	   427.2	   429.6	   710.2	    -2.3	   0.000	   1.226	   244.7	    20.0	  226842	   61.49	   61.48	    1.45	    1.60	    0.00	  18.659	  19.778	  51.824	  47.177	   0.000	   0.000	   0.000	   0.000	   0.000	   0.000
      15	 09:36:23	   7.006	   0.000	  105.02	 1007.80	   13.28	    79.8	   -13.5	   336.0	   334.8	   241.4	    -3.3	   0.000	   1.226	   245.0	    20.0	  227029	   61.49	   61.50	    1.50	    1.54	    0.00	  18.532	  19.567	  51.316	  46.665	   0.000	   0.000	   0.000	   0.000	   0.000	   0.000
      16	 09:37:06	  -4.994	   0.000	  104.76	 1007.77	   13.20	   112.2	   -33.9	  -332.3	  -311.6	   541.6	    -6.5	   0.000	   1.226	   244.4	    20.0	  226832	   61.50	   61.50	    1.39	    1.42	    0.00	  18.381	  19.332	  51.237	  46.689	   0.000	   0.000	   0.000	   0.000	   0.000	   0.000
      17	 09:38:32	  12.001	   0.000	   26.11	 1007.74	   13.16	   158.6	    -1.3	    48.7	    51.2	   394.0	     2.4	   0.000	   1.226	    61.2	    10.0	  113538	   30.76	   30.76	    0.33	    0.34	    0.00	  18.044	  18.892	  37.401	  36.545	   0.000	   0.000	   0.000	   0.000	   0.000	   0.000
      18	 09:38:55	  14.001	   0.000	   26.36	 1007.73	   13.12	   214.0	    -0.2	    43.0	    45.2	   527.6	     1.7	   0.000	   1.226	    61.8	    10.0	  114080	   30.75	   30.75	    0.34	    0.34	    0.00	  17.920	  18.743	  37.737	  36.698	   0.000	   0.000	   0.000	   0.000	   0.000	   0.000
      19	 09:39:28	   7.006	   0.000	   26.26	 1007.74	   13.08	    50.1	   -18.8	    58.5	    66.7	   173.9	     8.4	   0.000	   1.227	    61.6	    10.0	  113896	   30.77	   30.76	    0.29	    0.30	    0.00	  17.708	  18.505	  37.447	  36.391	   0.000	   0.000	   0.000	   0.000	   0.000	   0.000
      20	 09:40:11	  -4.994	   0.000	   26.21	 1007.74	   13.00	    67.9	    -2.4	  -104.4	  -104.6	   187.7	     1.3	   0.000	   1.227	    61.4	    10.0	  113838	   30.75	   30.76	    0.31	    0.35	    0.00	  17.447	  18.208	  37.515	  36.472	   0.000	   0.000	   0.000	   0.000	   0.000	   0.000
      21	 09:41:50	  12.001	   0.000	  417.86	 1007.72	   13.47	  4073.0	    62.0	  1346.5	  1280.4	  3172.2	   -25.0	   0.000	   1.225	   979.3	    40.0	  453506	   11.11	   11.09	    0.04	    0.04	    0.00	  16.498	  17.076	  26.019	  25.941	   0.000	   0.000	   0.000	   0.000	   0.000	   0.000
      22	 09:42:22	   7.006	   0.000	  417.91	 1007.73	   13.51	  2624.9	   -11.9	   948.6	   907.9	  2576.7	   -12.1	   0.000	   1.225	   979.4	    40.0	  453451	   11.10	   11.11	    0.04	    0.04	    0.00	  16.328	  16.853	  31.785	  31.478	   0.000	   0.000	   0.000	   0.000	   0.000	   0.000
      23	 09:43:21	  -4.994	   0.000	  418.10	 1007.69	   13.66	  2574.4	    -1.6	 -1536.9	 -1575.3	  3621.0	   -21.7	   0.000	   1.224	   979.9	    40.0	  453259	   11.10	   11.11	    0.04	    0.04	    0.00	  16.236	  16.659	  36.267	  35.760	   0.000	   0.000	   0.000	   0.000	   0.000	   0.000
      24	 09:44:27	  14.001	   0.000	  417.92	 1007.66	   13.72	  4955.4	   118.0	  1437.0	  1328.9	  3689.8	   -40.4	   0.000	   1.224	   979.5	    40.0	  453024	   11.10	   11.10	    0.04	    0.04	    0.00	  16.185	  16.589	  38.048	  37.512	   0.000	   0.000	   0.000	   0.000	   0.000	   0.000
      25	 09:45:43	  14.001	   0.000	  105.14	 1007.69	   13.34	  1322.1	    -7.7	   269.6	   274.0	  1288.6	    -1.6	   0.000	   1.225	   245.3	    20.0	  227094	    2.31	    2.55	    0.04	    0.04	    0.00	  16.023	  16.448	  25.469	  25.483	   0.000	   0.000	   0.000	   0.000	   0.000	   0.000
      26	 09:46:15	   7.006	   0.000	  105.40	 1007.69	   13.28	   708.5	   -16.5	   209.8	   208.2	   781.0	     0.6	   0.000	   1.226	   245.9	    20.0	  227436	    2.39	    2.64	    0.04	    0.04	    0.00	  15.838	  16.266	  21.030	  21.114	   0.000	   0.000	   0.000	   0.000	   0.000	   0.000
      27	 09:47:00	  -4.994	   0.000	  105.23	 1007.69	   13.22	   697.3	   -21.3	  -400.5	  -389.4	   961.1	    -7.8	   0.000	   1.226	   245.5	    20.0	  227311	    2.36	    2.64	    0.04	    0.04	    0.00	  15.545	  15.969	  16.719	  16.878	   0.000	   0.000	   0.000	   0.000	   0.000	   0.000
      28	 09:47:59	  12.001	   0.000	  105.38	 1007.65	   13.22	  1081.5	     8.1	   280.2	   260.0	  1074.4	    -7.2	   0.000	   1.226	   245.8	    20.0	  227471	    2.32	    2.59	    0.04	    0.04	    0.00	  15.179	  15.578	  13.456	  13.700	   0.000	   0.000	   0.000	   0.000	   0.000	   0.000
      29	 09:49:16	  14.001	   0.000	   26.31	 1007.65	   13.09	   354.6	     5.7	     7.9	     7.8	   657.5	    -0.7	   0.000	   1.226	    61.7	    10.0	  113985	    0.55	    0.58	    0.04	    0.04	    0.00	  14.859	  15.235	  10.106	  10.306	   0.000	   0.000	   0.000	   0.000	   0.000	   0.000
      30	 09:49:52	  12.005	   0.000	   26.40	 1007.66	   13.04	   306.8	     0.5	    17.3	    15.8	   530.0	     1.4	   0.000	   1.227	    61.9	    10.0	  114211	    0.57	    0.59	    0.04	    0.04	    0.00	  14.739	  15.096	   8.811	   8.980	   0.000	   0.000	   0.000	   0.000	   0.000	   0.000
      31	 09:50:47	  -4.994	   0.000	   26.33	 1007.64	   13.00	   201.5	    -4.4	  -121.0	  -121.0	   282.6	     2.9	   0.000	   1.227	    61.7	    10.0	  114086	    0.58	    0.59	    0.04	    0.04	    0.00	  14.553	  14.883	   7.222	   7.359	   0.000	   0.000	   0.000	   0.000	   0.000	   0.000
      32	 09:51:28	   7.001	   0.000	   26.14	 1007.62	   12.96	   187.9	   -18.0	    28.0	    37.5	   293.9	     8.3	   0.000	   1.227	    61.3	    10.0	  113689	    0.57	    0.59	    0.04	    0.04	    0.00	  14.425	  14.736	   6.247	   6.366	   0.000	   0.000	   0.000	   0.000	   0.000	   0.000
