  Run_nr	    Time	   Alpha	    Beta	Delta_Pb	   P_bar	       T	      B1	      B2	      B3	      B4	      B5	      B6	     rpm	     Rho	       Q	       V	      Re	 nrotor1	 nrotor2	      I1	      I2	    dptq	  Extra1	  Extra2	  Extra3	  Extra4	  Extra5	  Extra6	  Extra7	  Extra8	  Extra9	 Extra10
       /	   H:M:S	 degrees	 degrees	      Pa	     hPa	 degr._C	   steps	   steps	   steps	   steps	   steps	   steps	   1/min	  kg/m^3	      Pa	     m/s	       /	     1/s	     1/s	       A	       A	      Pa	       /	       /	       /	       /	       /	       /	       /	       /	       /	       /
      65	 10:28:22	  -4.994	  -0.005	  417.93	 1007.36	   13.39	  -570.8	    21.2	  -565.7	  -607.8	   -48.9	   -39.1	   0.000	   1.225	   979.5	    40.0	  453626	  123.02	  123.03	   13.09	   12.28	    0.00	  15.570	  15.667	  43.443	  46.785	   0.000	   0.000	   0.000	   0.000	   0.000	   0.000
      66	 10:29:19	   7.001	  -0.005	  418.23	 1007.37	   13.60	  -105.5	    25.4	  1975.1	  1921.7	  -944.6	   -37.0	   0.000	   1.224	   980.2	    40.0	  453382	  123.03	  123.03	   13.43	   11.94	    0.00	  18.225	  18.004	  43.502	  46.897	   0.000	   0.000	   0.000	   0.000	   0.000	   0.000
      67	 10:30:03	  12.001	  -0.005	  417.88	 1007.35	   13.60	  1599.2	    42.8	  2427.5	  2377.1	  -321.5	   -20.5	   0.000	   1.224	   979.4	    40.0	  453181	  123.04	  123.04	   13.48	   12.95	    0.00	  20.288	  19.968	  43.414	  46.750	   0.000	   0.000	   0.000	   0.000	   0.000	   0.000
      68	 10:30:52	  14.001	  -0.005	  417.60	 1007.37	   13.66	  2663.2	   -43.0	  2491.8	  2484.1	   266.2	    25.6	   0.000	   1.224	   978.7	    40.0	  452908	  123.04	  123.04	   14.35	   13.78	    0.00	  22.184	  21.886	  43.467	  46.778	   0.000	   0.000	   0.000	   0.000	   0.000	   0.000
      69	 10:31:43	   7.005	  -0.005	  417.58	 1007.34	   13.72	   730.7	    29.4	  1814.8	  1756.8	  -236.2	   -38.4	   0.000	   1.223	   978.7	    40.0	  452773	  109.36	  109.37	    8.20	    7.37	    0.00	  23.568	  23.486	  40.838	  44.976	   0.000	   0.000	   0.000	   0.000	   0.000	   0.000
      70	 10:32:19	  14.001	  -0.005	  417.44	 1007.37	   13.74	  3324.9	   -46.4	  2316.9	  2315.5	   908.1	    25.2	   0.000	   1.223	   978.3	    40.0	  452664	  109.36	  109.36	    8.97	    8.43	    0.00	  23.638	  23.821	  41.362	  45.254	   0.000	   0.000	   0.000	   0.000	   0.000	   0.000
      71	 10:33:29	  -4.994	  -0.005	  417.19	 1007.32	   13.86	   255.9	    19.3	  -703.1	  -744.8	   619.4	   -38.0	   0.000	   1.223	   977.8	    40.0	  452276	  109.36	  109.37	    8.42	    7.31	    0.00	  23.389	  23.933	  40.660	  44.644	   0.000	   0.000	   0.000	   0.000	   0.000	   0.000
      72	 10:34:31	  12.001	  -0.005	  417.15	 1007.32	   13.93	  2319.8	    45.1	  2247.6	  2197.8	   355.4	   -20.0	   0.000	   1.222	   977.7	    40.0	  452102	  109.36	  109.36	    8.78	    7.57	    0.00	  22.971	  23.745	  40.962	  44.840	   0.000	   0.000	   0.000	   0.000	   0.000	   0.000
      73	 10:35:13	   7.005	  -0.005	  417.88	 1007.35	   13.88	  2558.6	    27.9	  1408.4	  1353.4	  1427.0	   -39.3	   0.000	   1.223	   979.4	    40.0	  452613	   56.24	   56.24	   -1.00	   -1.00	    0.00	  22.687	  23.543	  38.612	  42.552	   0.000	   0.000	   0.000	   0.000	   0.000	   0.000
      74	 10:35:57	  12.001	  -0.005	  416.97	 1007.33	   13.90	  4146.0	    62.4	  1772.0	  1713.8	  2134.1	   -28.0	   0.000	   1.223	   977.2	    40.0	  452071	   56.24	   56.23	   -0.98	   -0.92	    0.00	  21.725	  22.687	  39.266	  43.043	   0.000	   0.000	   0.000	   0.000	   0.000	   0.000
      75	 10:37:17	  -4.994	  -0.005	  417.16	 1007.34	   14.02	  2032.6	    27.2	 -1010.1	 -1060.6	  2123.2	   -40.3	   0.000	   1.222	   977.7	    40.0	  451943	   56.24	   56.24	   -1.02	   -0.88	    0.00	  19.964	  21.023	  39.286	  43.449	   0.000	   0.000	   0.000	   0.000	   0.000	   0.000
      76	 10:37:57	   0.001	  -0.005	  417.45	 1007.30	   14.12	  1852.9	    -4.8	   108.6	    80.4	  1464.7	   -25.4	   0.000	   1.222	   978.4	    40.0	  451887	   56.24	   56.24	   -1.01	   -0.91	    0.00	  19.295	  20.341	  39.061	  43.099	   0.000	   0.000	   0.000	   0.000	   0.000	   0.000
      77	 10:39:12	  14.001	  -0.005	  416.68	 1007.33	   14.08	  5046.7	    61.5	  1845.7	  1776.9	  2647.4	   -24.4	   0.000	   1.222	   976.6	    40.0	  451555	   56.24	   56.22	   -0.60	   -0.75	    0.00	  18.415	  19.342	  41.071	  44.598	   0.000	   0.000	   0.000	   0.000	   0.000	   0.000
      78	 10:40:15	  12.005	  -0.005	  105.23	 1007.31	   13.76	   514.3	    -9.5	   535.7	   522.5	   252.9	     2.4	   0.000	   1.223	   245.5	    20.0	  226726	   61.51	   61.52	    1.55	    1.60	    0.00	  18.040	  18.934	  48.585	  53.124	   0.000	   0.000	   0.000	   0.000	   0.000	   0.000
      79	 10:41:10	  -4.994	  -0.005	  105.07	 1007.32	   13.61	   -21.1	   -15.4	  -166.3	  -159.8	    95.1	   -11.4	   0.000	   1.224	   245.1	    20.0	  226706	   61.52	   61.53	    1.57	    1.27	    0.00	  17.974	  18.809	  48.274	  52.723	   0.000	   0.000	   0.000	   0.000	   0.000	   0.000
      80	 10:42:09	  14.001	  -0.005	  104.59	 1007.27	   13.58	   790.1	   -12.8	   524.5	   530.0	   487.6	     3.1	   0.000	   1.224	   244.0	    20.0	  226207	   61.50	   61.52	    1.43	    1.30	    0.00	  17.856	  18.630	  48.926	  53.529	   0.000	   0.000	   0.000	   0.000	   0.000	   0.000
      81	 10:42:52	   7.006	  -0.005	  105.26	 1007.26	   13.50	    96.0	    -9.2	   450.9	   445.8	   -36.5	    -4.8	   0.000	   1.224	   245.6	    20.0	  227005	   61.52	   61.54	    1.47	    1.44	    0.00	  17.783	  18.508	  48.372	  52.838	   0.000	   0.000	   0.000	   0.000	   0.000	   0.000
      82	 10:44:29	  12.001	  -0.005	   26.13	 1007.26	   13.36	   172.3	    -5.1	    74.6	    78.6	   332.2	     4.3	   0.000	   1.225	    61.2	    10.0	  113449	   30.76	   30.77	    0.33	    0.31	    0.00	  17.510	  18.176	  37.496	  36.671	   0.000	   0.000	   0.000	   0.000	   0.000	   0.000
      83	 10:45:00	   7.006	  -0.005	   26.01	 1007.27	   13.32	    48.0	   -21.2	    84.7	    91.5	   103.2	    10.3	   0.000	   1.225	    61.0	    10.0	  113204	   30.76	   30.76	    0.33	    0.34	    0.00	  17.365	  18.016	  37.345	  36.495	   0.000	   0.000	   0.000	   0.000	   0.000	   0.000
      84	 10:45:47	  -4.994	  -0.005	   26.19	 1007.27	   13.30	    33.8	     0.6	   -64.2	   -66.3	    77.5	    -0.6	   0.000	   1.225	    61.4	    10.0	  113606	   30.76	   30.76	    0.34	    0.33	    0.00	  17.143	  17.769	  37.386	  36.540	   0.000	   0.000	   0.000	   0.000	   0.000	   0.000
      85	 10:46:56	  14.001	  -0.005	   26.01	 1007.20	   13.26	   230.8	     1.7	    66.9	    67.2	   469.1	     0.5	   0.000	   1.225	    61.0	    10.0	  113237	   30.76	   30.76	    0.37	    0.33	    0.00	  16.800	  17.378	  37.778	  36.948	   0.000	   0.000	   0.000	   0.000	   0.000	   0.000
      86	 10:48:08	  12.005	  -0.005	  417.53	 1007.26	   13.58	  4323.3	    60.9	  1715.8	  1653.3	  2339.6	   -24.6	   0.000	   1.224	   978.5	    40.0	  453006	   11.12	   11.10	    0.02	    0.04	    0.00	  16.178	  16.599	  29.875	  29.886	   0.000	   0.000	   0.000	   0.000	   0.000	   0.000
      87	 10:48:43	  14.001	  -0.005	  417.67	 1007.26	   13.70	  5276.0	   110.8	  1785.8	  1684.0	  2907.9	   -42.0	   0.000	   1.223	   978.9	    40.0	  452842	   11.11	   11.10	    0.04	    0.01	    0.00	  16.040	  16.401	  29.875	  29.887	   0.000	   0.000	   0.000	   0.000	   0.000	   0.000
      88	 10:49:20	   7.005	  -0.005	  418.08	 1007.24	   13.74	  2738.4	    36.2	  1368.6	  1307.1	  1586.4	   -41.9	   0.000	   1.223	   979.9	    40.0	  452982	   11.11	   11.11	    0.05	    0.05	    0.00	  15.994	  16.338	  29.874	  29.886	   0.000	   0.000	   0.000	   0.000	   0.000	   0.000
      89	 10:50:10	  -4.994	  -0.005	  417.80	 1007.26	   13.87	  2221.6	    23.6	 -1042.1	 -1089.9	  2272.3	   -38.6	   0.000	   1.223	   979.2	    40.0	  452577	   11.11	   11.11	    0.04	    0.04	    0.00	  16.022	  16.319	  29.876	  29.886	   0.000	   0.000	   0.000	   0.000	   0.000	   0.000
      90	 10:51:12	  12.001	  -0.005	  104.54	 1007.24	   13.68	  1133.8	    14.0	   372.3	   347.4	   859.1	    -9.4	   0.000	   1.223	   243.9	    20.0	  226047	    2.33	    2.60	    0.05	    0.05	    0.00	  15.985	  16.312	  29.875	  29.886	   0.000	   0.000	   0.000	   0.000	   0.000	   0.000
      91	 10:51:38	  14.001	  -0.005	  104.90	 1007.23	   13.54	  1396.6	    -5.2	   358.8	   359.3	  1094.6	    -2.3	   0.000	   1.224	   244.7	    20.0	  226572	    2.30	    2.55	    0.04	    0.04	    0.00	  15.871	  16.208	  29.875	  29.885	   0.000	   0.000	   0.000	   0.000	   0.000	   0.000
      92	 10:52:34	  -4.994	  -0.005	  105.16	 1007.24	   13.40	   610.7	   -27.2	  -279.6	  -262.5	   622.8	   -11.1	   0.000	   1.225	   245.3	    20.0	  226999	    2.36	    2.61	    0.05	    0.04	    0.00	  15.534	  15.886	  29.876	  29.886	   0.000	   0.000	   0.000	   0.000	   0.000	   0.000
      93	 10:53:33	   7.001	  -0.005	  104.76	 1007.24	   13.38	   727.3	   -15.3	   309.6	   309.5	   527.2	     0.9	   0.000	   1.225	   244.4	    20.0	  226592	    2.35	    2.59	    0.04	    0.04	    0.00	  15.202	  15.551	  29.873	  29.886	   0.000	   0.000	   0.000	   0.000	   0.000	   0.000
      94	 10:55:01	   7.001	  -0.005	   26.18	 1007.24	   13.28	   193.7	   -19.1	    52.8	    61.5	   232.1	     9.8	   0.000	   1.225	    61.4	    10.0	  113604	    0.57	    0.60	    0.04	    0.05	    0.00	  14.870	  15.195	  29.873	  29.884	   0.000	   0.000	   0.000	   0.000	   0.000	   0.000
      95	 10:55:47	  14.001	  -0.005	   26.22	 1007.19	   13.22	   372.2	     8.9	    30.4	    27.8	   609.3	    -2.9	   0.000	   1.225	    61.5	    10.0	  113706	    0.55	    0.57	    0.05	    0.04	    0.00	  14.721	  15.042	  29.873	  29.885	   0.000	   0.000	   0.000	   0.000	   0.000	   0.000
      96	 10:56:53	  -4.995	  -0.005	   26.18	 1007.20	   13.18	   178.4	    -0.9	   -89.0	   -91.8	   199.9	     0.4	   0.000	   1.225	    61.4	    10.0	  113644	    0.57	    0.58	    0.05	    0.04	    0.00	  14.532	  14.820	  29.873	  29.885	   0.000	   0.000	   0.000	   0.000	   0.000	   0.000
      97	 10:57:57	  12.001	  -0.005	   26.01	 1007.21	   13.14	   314.2	     1.2	    36.8	    38.1	   472.6	    -0.2	   0.000	   1.226	    61.0	    10.0	  113286	    0.55	    0.57	    0.05	    0.05	    0.00	  14.355	  14.634	  29.873	  29.885	   0.000	   0.000	   0.000	   0.000	   0.000	   0.000
      98	 10:59:43	  -2.994	  -0.005	  417.63	 1007.19	   13.65	  -745.0	    18.6	   -59.3	  -103.4	  -462.3	   -36.1	   0.000	   1.223	   978.8	    40.0	  452898	  123.02	  123.02	   11.21	   11.14	    0.00	  15.264	  15.382	  51.741	  51.854	   0.000	   0.000	   0.000	   0.000	   0.000	   0.000
      99	 11:00:31	   2.001	  -0.005	  416.98	 1007.17	   13.81	  -732.4	   -24.0	  1049.4	  1030.1	  -976.8	   -13.7	   0.000	   1.223	   977.3	    40.0	  452221	  123.03	  123.03	   10.84	   11.23	    0.00	  17.559	  17.414	  51.833	  51.945	   0.000	   0.000	   0.000	   0.000	   0.000	   0.000
     100	 11:01:05	   4.001	  -0.005	  417.24	 1007.17	   13.81	  -563.8	    24.6	  1453.8	  1405.3	 -1004.8	   -39.8	   0.000	   1.223	   977.9	    40.0	  452363	  123.02	  123.03	   11.84	   11.40	    0.00	  19.315	  19.063	  51.812	  51.945	   0.000	   0.000	   0.000	   0.000	   0.000	   0.000
     101	 11:01:37	   5.001	  -0.005	  417.44	 1007.17	   13.80	  -443.5	    38.1	  1643.3	  1586.7	 -1000.6	   -46.5	   0.000	   1.223	   978.3	    40.0	  452495	  123.04	  123.03	   11.63	   11.75	    0.00	  20.782	  20.524	  51.749	  51.906	   0.000	   0.000	   0.000	   0.000	   0.000	   0.000
     102	 11:02:07	  10.001	  -0.005	  417.19	 1007.17	   13.80	   806.4	    25.4	  2252.2	  2204.1	  -698.0	   -27.4	   0.000	   1.223	   977.8	    40.0	  452356	  123.04	  123.04	   11.04	   11.01	    0.00	  22.034	  21.854	  51.581	  51.804	   0.000	   0.000	   0.000	   0.000	   0.000	   0.000
     103	 11:03:00	   0.006	  -0.005	  417.40	 1007.18	   13.87	  -801.8	   -30.3	   628.5	   615.4	  -860.0	   -13.6	   0.000	   1.222	   978.2	    40.0	  452336	  123.03	  123.03	   11.33	   11.28	    0.00	  23.860	  23.920	  51.553	  51.704	   0.000	   0.000	   0.000	   0.000	   0.000	   0.000
     104	 11:03:28	  -1.994	  -0.005	  417.25	 1007.17	   13.96	  -790.5	    14.9	   182.0	   139.0	  -625.0	   -32.6	   0.000	   1.222	   977.9	    40.0	  452071	  123.03	  123.03	   11.18	   11.17	    0.00	  24.701	  24.897	  51.479	  51.657	   0.000	   0.000	   0.000	   0.000	   0.000	   0.000
     105	 11:04:22	  11.001	  -0.005	  417.05	 1007.19	   14.02	  1171.5	    27.7	  2337.1	  2295.4	  -555.1	   -21.4	   0.000	   1.222	   977.4	    40.0	  451843	  123.03	  123.03	   11.57	   11.07	    0.00	  26.051	  26.577	  51.280	  51.448	   0.000	   0.000	   0.000	   0.000	   0.000	   0.000
     106	 11:04:59	   6.005	  -0.005	  417.39	 1007.14	   13.96	  -286.7	    29.3	  1819.4	  1763.1	  -977.4	   -38.7	   0.000	   1.222	   978.2	    40.0	  452137	  123.03	  123.04	   11.32	   11.38	    0.00	  26.789	  27.576	  51.324	  51.453	   0.000	   0.000	   0.000	   0.000	   0.000	   0.000
     107	 11:05:38	   3.005	  -0.005	  417.58	 1007.13	   13.97	  -648.9	    -8.5	  1256.0	  1224.2	  -990.2	   -20.0	   0.000	   1.222	   978.7	    40.0	  452209	  123.02	  123.03	   11.59	   11.58	    0.00	  27.504	  28.547	  51.236	  51.350	   0.000	   0.000	   0.000	   0.000	   0.000	   0.000
     108	 11:06:24	  13.001	  -0.005	  417.49	 1007.14	   14.02	  2180.3	   -12.5	  2438.6	  2393.4	   -28.3	    19.6	   0.000	   1.222	   978.5	    40.0	  452080	  123.03	  123.03	   11.21	   11.52	    0.00	  28.247	  29.529	  51.044	  51.227	   0.000	   0.000	   0.000	   0.000	   0.000	   0.000
     109	 11:07:02	   8.005	  -0.005	  417.48	 1007.14	   14.02	   156.5	    12.4	  2090.1	  2038.6	  -872.6	   -33.1	   0.000	   1.222	   978.4	    40.0	  452069	  123.03	  123.04	   11.21	   11.37	    0.00	  28.745	  30.248	  51.089	  51.227	   0.000	   0.000	   0.000	   0.000	   0.000	   0.000
     110	 11:07:50	  -0.994	  -0.005	  417.22	 1007.10	   14.09	  -804.6	    -9.3	   406.7	   381.9	  -754.9	   -25.0	   0.000	   1.221	   977.8	    40.0	  451781	  123.03	  123.03	   11.38	   11.14	    0.00	  29.353	  31.150	  51.023	  51.096	   0.000	   0.000	   0.000	   0.000	   0.000	   0.000
     111	 11:08:17	  -3.994	  -0.005	  416.80	 1007.14	   14.19	  -672.7	    21.9	  -309.4	  -355.9	  -271.2	   -40.0	   0.000	   1.221	   976.8	    40.0	  451356	  123.03	  123.03	   11.57	   11.69	    0.00	  29.694	  31.640	  50.966	  51.068	   0.000	   0.000	   0.000	   0.000	   0.000	   0.000
     112	 11:08:47	   1.001	  -0.005	  416.97	 1007.15	   14.28	  -776.0	   -23.9	   840.8	   823.5	  -929.6	   -14.8	   0.000	   1.221	   977.2	    40.0	  451268	  123.04	  123.03	   11.95	   12.08	    0.00	  30.005	  32.101	  50.967	  51.007	   0.000	   0.000	   0.000	   0.000	   0.000	   0.000
     113	 11:09:27	   9.001	  -0.005	  416.89	 1007.13	   14.22	   455.9	    10.6	  2176.0	  2121.5	  -795.2	   -21.9	   0.000	   1.221	   977.1	    40.0	  451337	  123.02	  123.03	   12.08	   11.74	    0.00	  30.357	  32.622	  50.855	  50.994	   0.000	   0.000	   0.000	   0.000	   0.000	   0.000
     114	 11:15:15	   9.001	  -0.005	  105.01	 1007.07	   13.54	   218.0	     9.0	   498.7	   483.7	    39.7	   -11.4	   0.000	   1.224	   245.0	    20.0	  226680	   61.50	   61.49	    2.51	    2.18	    0.00	  24.213	  26.201	  29.585	  28.884	   0.000	   0.000	   0.000	   0.000	   0.000	   0.000
     115	 11:15:58	   1.006	  -0.005	  104.82	 1007.05	   13.46	   -73.2	   -14.0	   189.0	   187.1	  -136.0	    -2.5	   0.000	   1.224	   244.5	    20.0	  226548	   61.49	   61.50	    2.37	    2.06	    0.00	  22.997	  24.778	  29.554	  28.849	   0.000	   0.000	   0.000	   0.000	   0.000	   0.000
     116	 11:16:57	  -3.994	  -0.005	  105.11	 1007.00	   13.44	   -44.9	   -33.8	  -107.0	   -90.0	    31.2	    -8.2	   0.000	   1.224	   245.2	    20.0	  226882	   61.50	   61.51	    2.31	    2.04	    0.00	  21.760	  23.306	  29.576	  28.926	   0.000	   0.000	   0.000	   0.000	   0.000	   0.000
     117	 11:17:36	  -0.999	  -0.005	  105.11	 1007.02	   13.46	   -83.0	   -42.1	    69.5	    95.0	  -102.5	    -4.5	   0.000	   1.224	   245.2	    20.0	  226863	   61.50	   61.50	    2.29	    2.30	    0.00	  21.104	  22.520	  29.649	  28.965	   0.000	   0.000	   0.000	   0.000	   0.000	   0.000
     118	 11:18:17	   8.001	  -0.005	  104.82	 1007.02	   13.45	   146.9	    -0.7	   478.5	   466.9	    -3.6	    -7.4	   0.000	   1.224	   244.5	    20.0	  226560	   61.50	   61.50	    2.36	    2.28	    0.00	  20.470	  21.789	  29.726	  29.091	   0.000	   0.000	   0.000	   0.000	   0.000	   0.000
     119	 11:18:56	  13.001	  -0.005	  104.76	 1007.00	   13.38	   673.3	   -12.4	   518.2	   522.3	   373.2	     1.0	   0.000	   1.224	   244.4	    20.0	  226565	   61.50	   61.51	    2.49	    2.83	    0.00	  19.981	  21.185	  29.881	  29.278	   0.000	   0.000	   0.000	   0.000	   0.000	   0.000
     120	 11:19:55	   3.006	  -0.005	  104.96	 1007.01	   13.32	   -36.7	   -15.4	   285.6	   283.1	  -124.9	    -0.8	   0.000	   1.225	   244.9	    20.0	  226843	   61.49	   61.49	    2.32	    2.21	    0.00	  19.369	  20.451	  29.706	  29.078	   0.000	   0.000	   0.000	   0.000	   0.000	   0.000
     121	 11:20:29	   6.001	  -0.005	  104.97	 1006.99	   13.32	    48.1	   -23.3	   410.1	   413.9	   -69.5	     3.8	   0.000	   1.225	   244.9	    20.0	  226850	   61.50	   61.50	    2.07	    2.51	    0.00	  19.048	  20.077	  29.781	  29.157	   0.000	   0.000	   0.000	   0.000	   0.000	   0.000
     122	 11:20:58	  11.001	  -0.005	  104.51	 1007.04	   13.32	   406.7	    -8.2	   520.6	   508.5	   165.2	     3.5	   0.000	   1.225	   243.8	    20.0	  226362	   61.51	   61.50	    2.22	    2.28	    0.00	  18.814	  19.785	  29.919	  29.305	   0.000	   0.000	   0.000	   0.000	   0.000	   0.000
     123	 11:21:46	  -1.994	  -0.005	  104.99	 1006.99	   13.28	   -76.1	   -21.8	    20.9	    26.6	   -67.0	    -5.5	   0.000	   1.225	   244.9	    20.0	  226915	   61.50	   61.50	    2.07	    2.46	    0.00	  18.469	  19.358	  29.783	  29.196	   0.000	   0.000	   0.000	   0.000	   0.000	   0.000
     124	 11:22:08	   0.001	  -0.005	  104.87	 1006.99	   13.28	   -80.6	   -25.9	   129.8	   141.7	  -124.1	    -5.0	   0.000	   1.225	   244.6	    20.0	  226777	   61.50	   61.49	    1.98	    2.42	    0.00	  18.332	  19.184	  29.808	  29.194	   0.000	   0.000	   0.000	   0.000	   0.000	   0.000
     125	 11:22:53	  10.001	  -0.005	  105.06	 1006.99	   13.30	   286.3	    -1.2	   515.5	   507.9	    81.1	    -4.2	   0.000	   1.225	   245.1	    20.0	  226966	   61.50	   61.50	    2.43	    2.68	    0.00	  18.068	  18.862	  29.912	  29.355	   0.000	   0.000	   0.000	   0.000	   0.000	   0.000
     126	 11:23:27	   5.005	  -0.005	  105.22	 1006.97	   13.28	    16.4	   -19.9	   374.3	   374.4	   -92.6	     2.2	   0.000	   1.225	   245.5	    20.0	  227154	   61.50	   61.50	    2.02	    2.60	    0.00	  17.893	  18.646	  29.828	  29.168	   0.000	   0.000	   0.000	   0.000	   0.000	   0.000
     127	 11:23:46	   4.005	  -0.005	  105.23	 1006.96	   13.26	   -11.7	   -20.1	   330.4	   330.9	  -110.3	     2.5	   0.000	   1.225	   245.5	    20.0	  227187	   61.50	   61.50	    2.20	    2.73	    0.00	  17.797	  18.530	  29.824	  29.160	   0.000	   0.000	   0.000	   0.000	   0.000	   0.000
     128	 11:24:08	   4.001	  -0.005	  105.03	 1006.97	   13.24	   -15.1	   -20.6	   328.0	   330.7	  -111.9	     3.2	   0.000	   1.225	   245.0	    20.0	  226995	   61.51	   61.49	    2.23	    2.24	    0.00	  17.702	  18.403	  29.816	  29.189	   0.000	   0.000	   0.000	   0.000	   0.000	   0.000
     129	 11:24:34	   2.006	  -0.005	  105.18	 1006.96	   13.22	   -55.9	   -15.2	   238.5	   237.1	  -133.8	    -1.3	   0.000	   1.225	   245.4	    20.0	  227172	   61.51	   61.50	    1.92	    2.05	    0.00	  17.592	  18.263	  29.783	  29.212	   0.000	   0.000	   0.000	   0.000	   0.000	   0.000
     130	 11:25:06	  -2.994	  -0.005	  104.90	 1006.96	   13.20	   -68.0	   -37.3	   -44.1	   -24.5	   -26.9	    -5.8	   0.000	   1.225	   244.7	    20.0	  226892	   61.50	   61.50	    1.99	    1.95	    0.00	  17.473	  18.110	  29.801	  29.253	   0.000	   0.000	   0.000	   0.000	   0.000	   0.000
