  Run_nr	   Alpha	    Beta	      CL	      CD	    Cyaw	 Cm_p_qc	      Ct	      Cn	   Cside	 Cm_roll	Cm_pitch	  Cm_yaw	      Cx	      Cy	      Cz	    Cm_x	    Cm_y	    Cm_z	      Fx	      Fy	      Fz	      Mx	      My	      Mz	     DPb	    Pbar	       T	     Rho	       Q	       V	      Re	       M
       /	 degrees	 degrees	       /	       /	       /	       /	       /	       /	       /	       /	       /	       /	       /	       /	       /	       /	       /	       /	       N	       N	       N	      Nm	      Nm	      Nm	      Pa	      Pa	 degr. C	  kg/m^3	      Pa	     m/s	       /	       /
       1	  -4.994	   0.000	 -0.4832	-0.011643	 0.00083	 0.46609	-0.053664	 -0.4803	0.000829	-0.00298	 0.58617	 0.00080	-0.011643	-0.000829	-0.483180	-0.00317	 0.58807	 0.00054	   -0.32	   -0.19	 -107.95	   -1.01	   22.75	    0.17	  418.34	 1007.74	   13.21	   1.226	   980.5	   39.99	3.530E+5	   0.118
       2	   7.001	   0.000	  0.8179	-0.013975	 0.00141	 0.25555	-0.113561	  0.8101	0.001414	-0.00293	 0.05303	 0.00003	-0.013975	-0.001414	0.817909	-0.00314	 0.05530	 0.00039	   -1.54	   -0.32	  187.77	   -0.99	    2.39	    0.12	  417.67	 1007.80	   13.40	   1.225	   978.9	   39.97	3.524E+5	   0.118
       3	  14.001	   0.000	  1.2433	0.086239	 0.00036	-0.01728	-0.217116	  1.2272	0.000365	-0.00197	-0.32408	-0.00054	0.086239	-0.000365	1.243271	-0.00211	-0.33812	-0.00006	   20.97	   -0.08	  282.62	   -0.67	  -12.10	   -0.02	  417.65	 1007.83	   13.38	   1.225	   978.8	   39.97	3.524E+5	   0.118
       4	  12.005	   0.000	  1.1321	0.049610	-0.00205	 0.06734	-0.186964	  1.1177	-0.002049	-0.00207	-0.21209	 0.00002	0.049610	0.002049	1.132150	-0.00168	-0.22016	 0.00046	   12.60	    0.46	  258.53	   -0.53	   -7.84	    0.15	  418.79	 1007.80	   13.38	   1.225	   981.5	   40.03	3.529E+5	   0.118
       5	  -4.994	   0.000	 -0.4746	0.019893	 0.00131	 0.45657	-0.021500	 -0.4745	0.001310	-0.00303	 0.57521	 0.00076	0.019893	-0.001310	-0.474617	-0.00330	 0.57197	 0.00050	    6.81	   -0.30	 -105.86	   -1.05	   22.12	    0.16	  417.74	 1007.80	   13.52	   1.225	   979.0	   39.99	3.522E+5	   0.118
       6	   7.001	   0.000	  0.8141	0.020122	 0.00133	 0.26602	-0.079253	  0.8105	0.001327	-0.00299	 0.06340	 0.00003	0.020122	-0.001327	0.814098	-0.00318	 0.06012	 0.00040	    6.18	   -0.30	  187.14	   -1.01	    2.58	    0.13	  418.19	 1007.79	   13.62	   1.224	   980.1	   40.01	3.523E+5	   0.118
       7	  12.001	   0.000	  1.1168	0.078338	-0.00159	 0.09983	-0.155578	  1.1086	-0.001590	-0.00181	-0.17733	 0.00002	0.078338	0.001590	1.116754	-0.00150	-0.19007	 0.00040	   19.09	    0.36	  254.72	   -0.48	   -6.71	    0.13	  418.28	 1007.83	   13.58	   1.224	   980.3	   40.02	3.524E+5	   0.118
       8	  14.001	   0.000	  1.2239	0.114505	 0.00139	 0.01399	-0.185005	  1.2152	0.001387	-0.00181	-0.28982	-0.00057	0.114505	-0.001387	1.223900	-0.00213	-0.30845	-0.00013	   27.37	   -0.31	  278.32	   -0.67	  -10.99	   -0.04	  417.78	 1007.83	   13.56	   1.225	   979.1	   39.99	3.522E+5	   0.118
       9	  -4.994	   0.000	 -0.4573	0.087219	 0.00102	 0.45375	0.047074	 -0.4632	0.001019	-0.00319	 0.56955	 0.00077	0.087219	-0.001019	-0.457346	-0.00341	 0.55536	 0.00050	   22.00	   -0.23	 -101.79	   -1.08	   21.46	    0.16	  417.09	 1007.81	   13.62	   1.224	   977.5	   39.96	3.518E+5	   0.118
      10	  14.001	   0.000	  1.1576	0.185692	-0.00144	 0.13359	-0.099881	  1.1681	-0.001442	-0.00207	-0.15844	-0.00002	0.185692	0.001442	1.157553	-0.00177	-0.18865	 0.00050	   43.47	    0.33	  263.31	   -0.56	   -6.52	    0.16	  417.77	 1007.81	   13.70	   1.224	   979.1	   40.00	3.520E+5	   0.118
      11	   7.006	   0.000	  0.7775	0.093882	-0.00052	 0.35955	-0.001642	  0.7831	-0.000519	-0.00334	 0.16377	 0.00007	0.093882	0.000519	0.777458	-0.00322	 0.14850	 0.00048	   22.87	    0.12	  178.73	   -1.02	    5.88	    0.15	  417.91	 1007.80	   13.68	   1.224	   979.5	   40.00	3.521E+5	   0.118
      12	  12.001	   0.000	  1.0584	0.152607	-0.00296	 0.20095	-0.070800	  1.0670	-0.002957	-0.00205	-0.06580	 0.00014	0.152607	0.002957	1.058402	-0.00149	-0.09063	 0.00058	   35.92	    0.67	  241.62	   -0.47	   -3.00	    0.19	  418.47	 1007.80	   13.70	   1.224	   980.8	   40.03	3.523E+5	   0.118
      13	  12.001	   0.000	  1.1100	0.067447	 0.00093	 0.07114	-0.164825	  1.0998	0.000926	-0.00515	-0.20380	-0.00070	0.067447	-0.000926	1.109990	-0.00533	-0.21478	 0.00038	    4.15	   -0.05	   63.18	   -0.42	   -1.90	    0.03	  104.86	 1007.81	   13.41	   1.225	   244.6	   19.98	1.762E+5	   0.059
      14	  14.001	   0.000	  1.2242	0.108200	 0.00169	-0.01720	-0.191198	  1.2140	0.001688	-0.00247	-0.32070	-0.00031	0.108200	-0.001688	1.224208	-0.00275	-0.33830	 0.00029	    6.48	   -0.10	   69.57	   -0.22	   -3.03	    0.02	  104.88	 1007.81	   13.32	   1.226	   244.7	   19.98	1.762E+5	   0.059
      15	   7.006	   0.000	  0.8148	0.007034	 0.00426	 0.27887	-0.092398	  0.8096	0.004261	-0.00373	 0.07648	-0.00012	0.007034	-0.004261	0.814812	-0.00440	 0.07533	 0.00034	    0.80	   -0.24	   46.82	   -0.35	    0.79	    0.03	  105.02	 1007.80	   13.28	   1.226	   245.0	   19.99	1.764E+5	   0.059
      16	  -4.994	   0.000	 -0.4701	0.008134	 0.01102	 0.46149	-0.032818	 -0.4690	0.011024	-0.00253	 0.57873	 0.00069	0.008134	-0.011024	-0.470051	-0.00438	 0.57741	 0.00047	    1.04	   -0.62	  -26.17	   -0.35	    5.57	    0.04	  104.76	 1007.77	   13.20	   1.226	   244.4	   19.97	1.762E+5	   0.059
      17	  12.001	   0.000	  1.0798	0.103063	-0.00223	 0.04222	-0.123716	  1.0777	-0.002232	-0.00460	-0.22719	-0.00128	0.103063	0.002232	1.079831	-0.00441	-0.24396	-0.00033	    1.54	    0.03	   15.38	   -0.09	   -0.54	   -0.01	   26.11	 1007.74	   13.16	   1.226	    61.2	    9.99	8.822E+4	   0.029
      18	  14.001	   0.000	  1.2473	0.136780	-0.00285	 0.01128	-0.169055	  1.2433	-0.002847	-0.00471	-0.29956	-0.00123	0.136780	0.002847	1.247308	-0.00441	-0.32181	-0.00009	    2.04	    0.04	   17.89	   -0.09	   -0.72	   -0.00	   26.36	 1007.73	   13.12	   1.226	    61.8	   10.04	8.864E+4	   0.030
      19	   7.006	   0.000	  0.8080	0.030451	 0.01267	 0.28137	-0.068329	  0.8057	0.012674	-0.00475	 0.07994	-0.00302	0.030451	-0.012674	0.808032	-0.00715	 0.07499	-0.00245	    0.54	   -0.18	   11.67	   -0.14	    0.20	   -0.05	   26.26	 1007.74	   13.08	   1.227	    61.6	   10.02	8.849E+4	   0.030
      20	  -4.994	   0.000	 -0.5830	0.033912	 0.00182	 0.44570	-0.016968	 -0.5837	0.001816	-0.00179	 0.59163	-0.00045	0.033912	-0.001816	-0.582956	-0.00203	 0.58611	-0.00061	    0.63	   -0.03	   -8.18	   -0.04	    1.42	   -0.01	   26.21	 1007.74	   13.00	   1.227	    61.4	   10.01	8.845E+4	   0.030
      21	  12.001	   0.000	  1.0478	0.159963	-0.00314	 0.21548	-0.061397	  1.0581	-0.003138	-0.00217	-0.04906	 0.00006	0.159963	0.003138	1.047787	-0.00160	-0.07508	 0.00052	   37.53	    0.71	  238.87	   -0.51	   -2.41	    0.17	  417.86	 1007.72	   13.47	   1.225	   979.3	   39.99	3.524E+5	   0.118
      22	   7.006	   0.000	  0.7701	0.099807	 0.00140	 0.37340	0.005133	  0.7765	0.001398	-0.00326	 0.17926	-0.00015	0.099807	-0.001398	0.770123	-0.00348	 0.16302	 0.00025	   24.21	   -0.32	  177.06	   -1.10	    6.42	    0.08	  417.91	 1007.73	   13.51	   1.225	   979.4	   39.99	3.523E+5	   0.118
      23	  -4.994	   0.000	 -0.4568	0.094465	 0.00124	 0.45767	0.054339	 -0.4633	0.001237	-0.00310	 0.57350	 0.00068	0.094465	-0.001237	-0.456812	-0.00335	 0.55813	 0.00041	   23.69	   -0.28	 -101.92	   -1.06	   21.62	    0.13	  418.10	 1007.69	   13.66	   1.224	   979.9	   40.01	3.522E+5	   0.118
      24	  14.001	   0.000	  1.1428	0.195240	-0.00625	 0.15643	-0.087050	  1.1561	-0.006254	-0.00259	-0.13259	 0.00019	0.195240	0.006254	1.142811	-0.00144	-0.16436	 0.00084	   45.64	    1.42	  260.07	   -0.46	   -5.62	    0.27	  417.92	 1007.66	   13.72	   1.224	   979.5	   40.01	3.520E+5	   0.118
      25	  14.001	   0.000	  1.1331	0.209439	 0.00208	 0.13842	-0.070922	  1.1501	0.002084	-0.00252	-0.14911	-0.00040	0.209439	-0.002084	1.133094	-0.00288	-0.18319	 0.00022	   12.23	   -0.12	   64.58	   -0.23	   -1.58	    0.02	  105.14	 1007.69	   13.34	   1.225	   245.3	   20.01	1.764E+5	   0.059
      26	   7.006	   0.000	  0.7723	0.108817	 0.00418	 0.38448	0.013815	  0.7798	0.004183	-0.00394	 0.18954	-0.00048	0.108817	-0.004183	0.772262	-0.00465	 0.17183	 0.00000	    6.59	   -0.24	   44.57	   -0.37	    1.69	    0.00	  105.40	 1007.69	   13.28	   1.226	   245.9	   20.03	1.767E+5	   0.059
      27	  -4.994	   0.000	 -0.4440	0.102976	 0.00766	 0.45452	0.063933	 -0.4513	0.007665	-0.00268	 0.56733	 0.00079	0.102976	-0.007665	-0.443971	-0.00399	 0.55058	 0.00056	    6.42	   -0.43	  -24.81	   -0.32	    5.35	    0.04	  105.23	 1007.69	   13.22	   1.226	   245.5	   20.01	1.766E+5	   0.059
      28	  12.001	   0.000	  1.0335	0.170635	-0.00113	 0.20891	-0.047985	  1.0464	-0.001129	-0.00558	-0.05268	-0.00049	0.170635	0.001129	1.033488	-0.00538	-0.08044	 0.00068	   10.03	    0.06	   59.15	   -0.43	   -0.66	    0.05	  105.38	 1007.65	   13.22	   1.226	   245.8	   20.03	1.767E+5	   0.059
      29	  14.001	   0.000	  1.1611	0.227883	-0.00738	 0.14680	-0.059808	  1.1818	-0.007379	-0.00432	-0.14864	-0.00036	0.227883	0.007379	1.161131	-0.00308	-0.18572	 0.00070	    3.34	    0.11	   16.63	   -0.06	   -0.40	    0.01	   26.31	 1007.65	   13.09	   1.226	    61.7	   10.03	8.856E+4	   0.030
      30	  12.005	   0.000	  1.0131	0.197251	-0.00337	 0.18270	-0.017793	  1.0320	-0.003370	-0.00722	-0.07529	-0.00152	0.197251	0.003370	1.013105	-0.00684	-0.10739	-0.00002	    2.90	    0.05	   14.60	   -0.14	   -0.23	   -0.00	   26.40	 1007.66	   13.04	   1.227	    61.9	   10.04	8.874E+4	   0.030
      31	  -4.994	   0.000	 -0.5586	0.119931	 0.00264	 0.43467	0.070846	 -0.5669	0.002637	-0.00228	 0.57640	-0.00094	0.119931	-0.002637	-0.558582	-0.00262	 0.55688	-0.00115	    1.86	   -0.04	   -7.87	   -0.05	    1.36	   -0.02	   26.33	 1007.64	   13.00	   1.227	    61.7	   10.03	8.864E+4	   0.030
      32	   7.001	   0.000	  0.7614	0.120157	 0.01191	 0.38339	0.026454	  0.7704	0.011911	-0.00345	 0.19078	-0.00284	0.120157	-0.011911	0.761447	-0.00571	 0.17123	-0.00243	    1.80	   -0.17	   10.95	   -0.11	    0.42	   -0.05	   26.14	 1007.62	   12.96	   1.227	    61.3	    9.99	8.833E+4	   0.029
